 Cluster       RA        DEC     NMem   <RV>    ERV    R_Sun    R_GC     Mass         DM            V       M/L_V   DM/L    rc     rh,m     rh,l   rho_c  rho_h,m  lg Trh   MF    sig0   vesc    etac   etah
  Name                                 [km/s] [km/s]   [kpc]   [kpc]    [Msun]      [Msun]        [mag]    [Ms/Ls] [Ms/Ls] [pc]    [pc]     [pc]  [Ms/pc3][Ms/pc3]  [yr]  Slope  [km/s] [km/s]
NGC 104     6.02363  -72.08128   2896   -17.2   0.1     4.41     7.78   7.79e+05   4.71e+03    4.07   0.11   1.77   0.16   0.49    5.62     3.57    5.31    2.72    9.58  -0.53   12.2   49.9   -0.41  -0.04
NGC 288    13.18850  -26.58261    584   -44.8   0.1     9.80    13.03   1.16e+05   3.41e+03    8.16   0.07   2.39   0.17   4.77    9.54     6.99    1.62    1.22    9.58  -0.45    3.3   11.0   -0.18  -0.07
NGC 362    15.80942  -70.84878    487   223.5   0.3     9.40    10.14   3.45e+05   5.01e+03    6.55   0.16   1.65   0.25   0.47    4.21     2.32    4.50    2.75    9.30  -0.89    8.8   35.4   -0.39  -0.11
NGC 1261   48.06754  -55.21622    231    71.5   0.3    15.49    17.62   1.67e+05   1.73e+04    8.57   0.18   2.12   0.38   1.19    4.72     3.08    3.33    2.33    9.19  -0.53    5.6   21.2   -0.35  -0.10
Pal 2      71.52462   31.38150     16  -134.9   1.2    27.20    35.53   3.35e+05   1.62e+05   12.57   0.82   1.66   1.13   2.10    7.78     4.98    2.88    1.95    9.72  -0.98    6.1   22.9   -0.31  -0.06
NGC 1851   78.52816  -40.04655    586   320.2   0.2    11.40    16.45   3.02e+05   4.34e+03    7.24   0.09   2.02   0.15   0.15    3.09     1.65    6.57    3.32    9.02  -0.54   10.2   42.9   -0.41  -0.12
NGC 1904   81.04620  -24.52472    412   205.6   0.2    13.27    19.54   1.69e+05   1.09e+04    7.99   0.19   1.72   0.29   0.43    4.18     2.59    4.31    2.45    9.10  -0.40    6.5   26.2   -0.36  -0.11
NGC 2298  102.24754  -36.00531     39   144.7   0.4    10.80    16.18   1.16e+04   7.44e+03    9.42   0.13   0.46   0.30   0.86    4.03     2.95    2.91    1.76    8.52   0.15    1.6    6.1   -0.34  -0.10
NGC 2419  114.53529   38.88244    195   -20.6   0.2    83.20    90.96   9.81e+05   1.42e+05   10.48   0.15   2.23   0.32   8.94   24.20    18.29    3.00    0.92   10.74  -1.50    7.1   22.2    0.00   0.00
Pyxis     136.99083  -37.22139     43    40.4   0.2    39.40    41.53   4.49e+04   1.29e+04   13.00   0.10   2.95   0.93  15.09   25.62    18.09   -0.23   -0.50   10.22  -1.45    1.3    4.1   -0.10  -0.06
NGC 2808  138.01291  -64.86350   2047   103.7   0.3     9.80    11.57   7.42e+05   5.27e+03    6.33   0.09   1.64   0.12   0.68    3.22     2.06    4.60    3.43    9.21  -0.50   14.4   55.6   -0.36  -0.11
E 3       140.23779  -77.28189     35     4.8   0.5     8.09     9.40   3.06e+04   1.69e+04   11.35   0.20   8.08   4.70   2.77    8.23     5.45    1.69    0.95    9.26  -0.55    1.8    6.5   -0.29  -0.10
Pal 3     151.38292    0.07167     14    89.9   1.2    92.50    95.98   6.15e+04   3.29e+04   13.95   0.27   2.85   1.69  13.55   28.07    19.69    0.01   -0.40   10.32  -1.50    1.4    4.7   -0.15  -0.03
NGC 3201  154.40343  -46.41248    690   494.3   0.1     4.70     9.19   1.57e+05   6.21e+03    6.88   0.20   2.53   0.43   1.92    6.17     3.77    2.69    1.89    9.43  -0.95    4.7   17.3   -0.36  -0.11
Pal 4     172.32000   28.97358     23    72.7   0.3   103.00   105.77   2.98e+04   1.27e+04   14.28   0.07   1.64   0.71  13.61   25.87    17.87   -0.29   -0.63   10.15  -1.52    1.0    3.4   -0.14  -0.05
NGC 4147  182.52626   18.54264     30   179.1   0.3    18.20    20.58   3.29e+04   8.98e+03   10.38   0.11   1.51   0.44   0.27    3.47     2.49    4.70    2.63    8.59   0.01    3.1   11.9   -0.33  -0.10
NGC 4372  186.43918  -72.65900    214    75.3   0.3     6.30     7.59   2.49e+05   2.47e+04    7.23   0.01   1.89   0.19   4.82    9.19     6.34    1.98    1.61    9.77  -1.03    4.9   16.4   -0.18  -0.08
Rup 106   189.66750  -51.15028     38   -38.4   0.3    24.30    21.33   1.02e+05   2.75e+04   10.90   0.20   2.62   0.86   8.04   14.79    10.47    0.93    0.61    9.94  -1.19    2.5    8.2   -0.18  -0.07
NGC 4590  189.86658  -26.74406    252   -93.2   0.2    10.59    10.60   1.23e+05   1.25e+04    8.15   0.22   2.02   0.41   1.99    7.71     4.51    2.44    1.44    9.55  -1.04    3.7   14.1   -0.39  -0.09
NGC 4833  194.89134  -70.87650    134   202.0   0.4     9.00     8.33   2.47e+05   3.18e+04    6.91   0.20   0.84   0.19   2.34    9.04     6.75    2.60    1.65    9.63  -0.10    4.8   17.9   -0.28  -0.03
NGC 5024  198.23021   18.16816    273   -63.1   0.2    17.90    18.56   3.80e+05   3.61e+04    7.71   0.10   1.59   0.20   2.16    9.92     6.23    2.81    1.63    9.92  -1.10    5.9   22.4   -0.32  -0.03
NGC 5053  199.11288   17.70025     56    42.5   0.2    17.20    17.80   5.66e+04   1.33e+04    7.71   0.10   1.66   0.50  11.00   19.01    13.41    0.32    0.04   10.00  -1.11    1.6    5.3   -0.10  -0.07
NGC 5139  201.69684  -47.47958   5096   232.7   0.2     5.20     6.74   3.55e+06   3.32e+04    3.53   0.11   2.90   0.27   4.22   10.04     7.04    3.22    2.44   10.39   0.00   17.6   62.1   -0.08  -0.03
NGC 5272  205.54842   28.37728    731  -147.2   0.2    10.06    12.19   3.94e+05   2.32e+04    6.40   0.16   1.56   0.22   1.04    5.44     3.36    3.80    2.42    9.47  -0.75    8.1   31.7   -0.39  -0.08
NGC 5286  206.61171  -51.37425   1024    62.2   0.4    11.70     8.90   4.01e+05   1.94e+04    7.20   0.12   1.41   0.14   0.77    4.26     2.64    4.12    2.79    9.30  -0.67    9.3   36.0   -0.39  -0.11
NGC 5466  211.36371   28.53445     84   106.9   0.1    16.90    17.25   4.56e+04   1.13e+04    9.46   0.30   1.13   0.39   8.16   15.68    10.72    0.57    0.20    9.83  -1.04    1.6    5.3   -0.16  -0.08
NGC 5634  217.40512   -5.97642     49   -16.2   0.5    27.20    22.91   2.13e+05   4.68e+04    9.65   0.27   2.32   0.74   0.88    7.50     4.69    4.22    2.11    9.56  -0.83    5.3   21.7   -0.35  -0.03
NGC 5694  219.90120  -26.53894     89  -139.4   0.4    37.33    31.41   3.83e+05   3.81e+04   10.02   0.14   2.78   0.32   0.04    5.93     3.31    6.65    2.39    9.53  -0.80    8.9   35.2   -0.37  -0.08
IC 4499   225.07688  -82.21369     37    38.7   0.5    18.20    15.09   1.67e+05   4.66e+04    9.66   0.22   2.25   0.78   5.30   14.84     9.83    1.47    0.80   10.06  -1.31    3.1   11.2   -0.24  -0.04
NGC 5824  225.99429  -33.06822    191   -25.5   0.5    31.80    25.28   7.79e+05   4.25e+04    8.83   0.19   2.30   0.34   0.08    6.74     3.74    6.54    2.50    9.78  -1.04   11.9   48.6   -0.39  -0.05
Pal 5     229.02187   -0.11161     37   -58.4   0.3    23.55    18.66   1.39e+04   6.55e+03   11.82   0.22   1.60   0.80  20.13   35.67    25.10   -1.14   -1.45   10.24  -1.50    0.6    1.9   -0.16  -0.05
NGC 5897  229.35208  -21.01028    241   101.2   0.2    13.43     8.01   2.03e+05   2.13e+04    8.69   0.10   3.05   0.43   5.85   11.59     8.02    1.59    1.20    9.92  -1.17    3.9   13.2   -0.22  -0.08
NGC 5904  229.63841    2.08103    889    53.8   0.2     7.50     6.44   3.72e+05   6.33e+03    5.83   0.16   1.52   0.20   1.20    5.58     3.61    3.66    2.41    9.45  -0.52    7.7   29.9   -0.34  -0.08
NGC 5927  232.00287  -50.67303    386  -104.1   0.3     8.40     4.90   3.54e+05   3.08e+03    7.74   0.39   2.61   0.36   1.46    7.21     4.98    3.28    2.23    9.54  -0.30    6.5   24.9   -0.30  -0.04
NGC 5986  236.51250  -37.78641    231   101.0   0.4     9.00     4.02   3.01e+05   3.05e+04    7.74   0.15   2.45   0.38   1.09    3.73     2.44    4.13    3.27    9.12  -0.57    8.3   31.1   -0.38  -0.12
Pal 14    242.75250   14.95778     17    72.2   0.2    71.00    65.80   2.27e+04   1.14e+04   14.77   0.05   3.40   1.82  17.10   33.14    23.60   -0.68   -1.06   10.27  -1.52    0.8    2.6   -0.16  -0.03
NGC 6093  244.26004  -22.97608    455    11.2   0.4    10.50     3.95   2.49e+05   1.22e+04    7.35   0.13   1.43   0.15   0.19    3.02     1.83    5.48    3.15    8.94  -0.31    9.5   40.2   -0.43  -0.12
NGC 6121  245.89674  -26.52575   2981    71.0   0.1     2.14     6.50   9.69e+04   2.57e+03    5.63   0.09   1.71   0.10   0.66    4.20     2.82    3.63    2.17    8.99  -0.19    4.6   18.4   -0.38  -0.11
NGC 6101  246.45048  -72.20219      0   361.4   1.7    16.07    11.66   1.27e+05   1.06e+04    8.70   0.20   3.00   1.70   5.45   14.97    10.32    1.32    0.66    9.98  -1.02    2.7    9.6   -0.30  -0.03
NGC 6144  246.80777  -26.02350     19   196.0   0.7    12.02     4.69   4.63e+04   2.66e+04    9.01   0.25   0.54   0.32   2.72    7.91     5.90    1.77    1.05    9.25   0.12    2.2    8.0   -0.25  -0.08
NGC 6139  246.91821  -38.84875     56    25.0   0.8    10.40     3.63   3.59e+05   7.29e+04    8.95   0.13   1.90   0.40   0.41    4.29     2.62    4.84    2.71    9.28  -0.57    9.2   37.8   -0.39  -0.11
Ter 3     247.16700  -35.35347     22  -135.7   0.6     8.10     2.55   5.46e+04   2.25e+04   12.00   0.20   7.70   3.49   2.39    7.92     5.27    1.95    1.12    9.35  -0.63    2.4    9.2   -0.37  -0.10
NGC 6171  248.13275  -13.05378    392   -34.7   0.2     6.09     3.77   8.70e+04   7.02e+03    8.18   0.31   2.16   0.61   0.88    4.27     3.11    3.31    2.12    8.95   0.08    4.3   16.4   -0.32  -0.10
ESO 452   249.85417  -28.39917     13    16.4   0.4     7.80     2.17   1.06e+04   5.68e+03   12.05   0.20   3.38   1.91   0.16    5.21     3.66    4.06    1.02    8.73  -0.05    1.6    6.3   -0.33  -0.12
NGC 6205  250.42181   36.45986    386  -244.4   0.3     6.60     8.49   4.53e+05   3.40e+04    5.80   0.10   2.61   0.26   1.58    4.56     3.08    3.58    2.87    9.36  -0.62    9.2   33.4   -0.32  -0.11
NGC 6229  251.74496   47.52775     21  -138.3   0.8    30.62    29.97   2.91e+05   9.37e+04    9.59   0.18   2.42   0.88   1.16    5.01     3.18    3.56    2.46    9.35  -0.63    7.1   27.3   -0.37  -0.10
NGC 6218  251.80907   -1.94853    469   -41.2   0.2     5.22     4.79   8.65e+04   6.02e+03    6.92   0.28   1.27   0.30   0.71    4.05     2.82    4.05    2.51    8.91  -0.25    4.5   16.9   -0.32  -0.11
NGC 6254  254.28772   -4.10031    400    74.0   0.2     4.71     4.83   1.84e+05   4.31e+03    6.42   0.38   1.94   0.07   0.81    4.39     2.78    3.78    2.49    9.15  -0.50    6.2   24.1   -0.35  -0.09
NGC 6256  254.88592  -37.12139     15   -99.6   1.1     6.40     2.65   7.23e+04   3.32e+04   10.95   0.47   2.23   1.43   0.05    4.38     2.93    5.98    1.99    8.96  -0.26    4.5   17.7   -0.37  -0.13
NGC 6266  255.30333  -30.11372    239   -74.5   0.7     6.47     2.38   7.07e+05   5.13e+03    6.45   0.12   2.57   0.21   0.39    2.95     1.83    5.13    3.52    9.13  -0.43   15.2   60.9   -0.37  -0.11
NGC 6273  255.65749  -26.26797    296   145.3   0.5     8.24     1.47   6.80e+05   5.89e+04    6.80   0.05   2.09   0.20   1.11    4.97     3.13    4.04    2.82    9.53  -0.81   11.0   42.5   -0.34  -0.08
NGC 6284  256.11879  -24.76486     56    29.0   0.7    15.30     7.09   5.51e+05   1.13e+05    8.71   0.20   3.42   1.11   0.63    6.77     3.91    4.17    2.38    9.67  -0.94    8.9   36.2   -0.38  -0.05
NGC 6293  257.54250  -26.58208      0  -142.6   0.4     9.50     1.63   1.88e+05   1.81e+04    8.11   0.16   1.67   0.29   0.11    4.37     2.76    5.55    2.34    9.17  -0.46    7.5   29.9   -0.34  -0.13
NGC 6304  258.63440  -29.46203    193  -108.2   0.4     9.40     1.39   2.77e+05   2.92e+04    8.10   0.17   1.37   0.26   1.02    6.68     4.45    3.39    2.03    9.49  -0.66    5.7   23.0   -0.38  -0.06
NGC 6316  259.15542  -28.14011     70    99.1   0.8    11.60     3.29   3.75e+05   6.86e+04    8.69   0.33   2.10   0.75   0.59    4.49     2.72    4.40    2.69    9.32  -0.61    9.0   35.9   -0.38  -0.08
NGC 6341  259.28076   43.13594    422  -120.7   0.3     8.10     9.81   2.68e+05   3.19e+03    6.51   0.06   1.81   0.09   0.61    4.14     2.28    4.94    2.67    9.24  -0.82    8.0   31.9   -0.35  -0.12
NGC 6342  260.29200  -19.58742     19   116.0   0.8     8.43     1.61   4.64e+04   1.60e+04   10.34   0.96   2.82   1.44   0.07    2.88     2.10    6.69    2.96    8.53   0.14    4.5   17.0   -0.34  -0.12
NGC 6356  260.89554  -17.81303     20    37.6   1.2    15.10     7.03   3.98e+05   1.54e+05    8.20   0.11   1.62   0.65   1.14    5.89     3.71    3.76    2.42    9.54  -0.81    7.8   30.7   -0.35  -0.06
NGC 6355  260.99412  -26.35342     10  -196.4   1.3     8.70     0.84   1.53e+05   7.73e+04    9.28   0.20   1.22   0.66   0.33    4.22     2.64    4.82    2.41    9.09  -0.39    6.2   24.6   -0.37  -0.11
NGC 6352  261.37128  -48.42217     33  -140.1   0.8     5.89     3.57   9.38e+04   3.49e+04    7.91   0.06   2.47   0.95   0.57    4.71     3.23    3.64    1.97    9.08  -0.37    4.4   16.8   -0.33  -0.12
NGC 6366  261.93436   -5.07986    220  -120.9   0.2     3.30     5.66   4.73e+04   5.59e+03    8.76   0.33   2.34   0.73   1.38    4.54     3.31    2.65    1.83    8.89  -0.16    3.0   11.2   -0.32  -0.11
HP 1      262.77167  -29.98167     24    40.1   1.1     6.80     1.76   1.11e+05   3.79e+04   11.59   0.20   5.04   1.95   0.27    3.86     2.55    5.16    2.41    8.95  -0.26    5.5   21.3   -0.36  -0.10
NGC 6362  262.97909  -67.04833    374   -14.7   0.2     8.00     5.42   1.47e+05   4.38e+03    7.67   0.10   2.60   0.14   2.85    8.07     5.77    2.22    1.53    9.51  -0.39    3.9   14.2   -0.27  -0.07
Lil 1     263.35233  -33.38956     64    58.2   2.2     8.10     0.85   6.66e+05   1.17e+05   15.40   0.10   1.48   0.29   0.06    1.57     1.11    7.85    4.91    8.61   0.07   23.2   94.3   -0.33  -0.10
Ter 1     263.94630  -30.48100     27    57.7   1.2     6.70     1.83   2.23e+05   6.63e+04   15.90   0.17   3.22   1.81   0.61    3.34     2.27    4.18    2.89    8.99  -0.29    7.8   30.2   -0.35  -0.12
Ton 2     264.04375  -38.55333     24  -183.8   0.8     6.40     2.45   8.01e+04   4.02e+04   12.24   0.30   5.31   3.05   0.95    6.39     4.45    2.67    1.38    9.18  -0.47    2.9   11.8   -0.37  -0.10
NGC 6388  264.07178  -44.73550    481    83.4   0.5    11.00     3.66   1.06e+06   9.25e+03    6.76   0.13   1.93   0.16   0.35    3.20     1.96    5.55    3.59    9.28  -0.57   18.2   74.2   -0.40  -0.09
NGC 6402  264.40039   -3.24592    333   -60.7   0.4     9.30     4.04   7.74e+05   6.13e+04    7.66   0.08   2.20   0.23   2.28    5.33     3.57    3.32    2.79    9.60  -0.87   11.1   39.0   -0.25  -0.09
NGC 6397  265.17539  -53.67433   2945    18.4   0.1     2.48     6.33   8.89e+04   1.57e+03    5.77   0.18   2.18   0.34   0.08    4.00     2.19    5.99    2.67    8.96  -0.75    5.2   21.9   -0.38  -0.12
Ter 5     267.02020  -24.77905    398   -82.3   1.3     5.90     2.65   5.66e+05   7.14e+04   11.65   0.10   1.31   0.26   0.13    1.58     1.14    6.92    4.77    8.59   0.09   19.0   72.1   -0.34  -0.11
NGC 6440  267.21958  -20.36025    164   -67.8   1.0     8.24     1.28   4.42e+05   6.45e+04    9.37   0.14   2.04   0.40   0.21    1.79     1.25    6.21    4.48    8.63   0.05   15.8   61.7   -0.37  -0.12
NGC 6441  267.55441  -37.05145    326    17.1   0.8    12.00     3.78   1.23e+06   1.12e+04    7.16   0.11   2.05   0.13   0.42    3.37     2.03    5.40    3.59    9.35  -0.63   18.8   75.8   -0.38  -0.09
Ter 6     267.69325  -31.27539     15   136.6   1.6     6.70     1.83   1.17e+05   4.39e+04   13.69   0.23   1.15   0.49   0.04    2.01     1.48    8.37    3.87    8.45   0.22    8.7   32.8   -0.34  -0.13
NGC 6496  269.76535  -44.26595    120  -134.7   0.3    11.69     4.18   1.06e+05   1.63e+04    9.18   0.59   2.79   1.65   3.07    7.73     5.05    2.06    1.47    9.47  -0.75    3.4   12.2   -0.28  -0.10
NGC 6522  270.89175  -30.03397    158   -14.0   0.6     7.70     0.98   3.92e+05   5.43e+04    8.06   0.30   3.31   1.03   0.15    7.78     4.34    5.58    2.01    9.75  -1.01    8.2   33.3   -0.39  -0.03
NGC 6535  270.96045   -0.29764     30  -214.9   0.4     7.28     4.12   2.00e+04   5.61e+03   11.14   0.57   4.80   2.65   0.20    2.94     2.22    5.04    2.37    8.39   0.82    2.8   11.1   -0.37  -0.13
NGC 6528  271.20683  -30.05628     50   211.0   0.7     7.45     1.21   8.96e+04   1.85e+04    9.35   0.31   2.26   0.75   0.11    2.80     1.97    5.94    3.02    8.65   0.03    6.4   26.3   -0.34  -0.12
NGC 6539  271.20700   -7.58586    139    35.6   0.5     8.40     3.20   2.50e+05   3.49e+04    9.55   0.20   1.55   0.40   0.91    6.44     4.04    3.75    2.03    9.50  -0.78    5.9   23.9   -0.39  -0.06
NGC 6544  271.83575  -24.99733     10   -36.4   1.0     2.46     6.06   6.34e+04   3.12e+04    7.81   0.10   1.88   0.94   0.08    1.84     1.37    7.71    3.91    8.25   0.41    6.4   25.1   -0.35  -0.11
NGC 6541  272.00983  -43.71489    148  -163.9   0.4     8.63     2.31   2.77e+05   9.10e+03    6.66   0.38   1.42   0.50   0.22    4.28     2.61    5.66    2.65    9.21  -0.46    8.7   36.5   -0.37  -0.09
ESO 452   272.27500  -46.42333     13    93.2   0.5    22.90    15.05   2.27e+04   1.68e+04   12.00   0.20   2.61   2.00   2.60    9.86     7.49    1.42    0.47    9.26  -0.00    1.4    5.3   -0.30  -0.06
NGC 6553  272.32333  -25.90869    431     0.5   0.4     4.90     3.66   2.35e+05   1.91e+04    7.96   0.13   3.13   0.45   0.55    2.93     2.02    4.83    3.55    8.87  -0.18    8.5   32.8   -0.35  -0.11
NGC 6558  272.57333  -31.76389     17  -195.6   0.7     6.30     2.33   2.93e+04   1.09e+04    9.26   0.10   1.05   0.40   0.24    2.33     1.77    5.17    3.30    8.26   0.40    3.5   13.7   -0.40  -0.11
IC 1276   272.68417   -7.20761     16   155.3   0.9     4.00     5.04   5.46e+04   2.60e+04   10.08   0.23   1.99   1.04   1.05    4.60     3.16    3.38    2.29    8.90  -0.21    3.3   12.3   -0.34  -0.11
NGC 6569  273.41167  -31.82689    223   -49.9   0.4    12.00     3.69   3.02e+05   3.61e+04    8.78   0.20   1.98   0.44   1.21    4.60     2.94    3.55    2.58    9.29  -0.58    7.5   28.4   -0.35  -0.10
NGC 6584  274.65665  -52.21578      0   259.6   1.6    13.18     6.43   9.07e+04   2.00e+04    8.62   0.30   1.12   0.37   0.72    4.70     2.98    3.16    1.74    9.12  -0.67    4.2   16.6   -0.37  -0.13
NGC 6624  275.91879  -30.36103    196    54.7   0.4     7.00     1.88   7.31e+04   1.96e+03    7.78   0.13   1.02   0.13   0.19    2.08     1.49    5.21    3.26    8.40   1.25    6.1   24.4   -0.36  -0.10
NGC 6626  276.13671  -24.86978    201    11.0   0.6     5.50     3.21   3.69e+05   3.85e+04    6.70   0.13   2.19   0.35   0.13    2.63     1.76    7.42    3.67    8.89  -0.18   12.6   49.5   -0.37  -0.12
NGC 6642  277.97542  -23.47519     13   -33.0   1.0     8.05     1.75   8.72e+04   5.49e+04    9.05   0.12   1.77   1.13   0.12    1.99     1.50    6.34    3.89    8.36   0.30    6.9   27.5   -0.33  -0.12
NGC 6656  279.09976  -23.90475    720  -147.8   0.3     3.10     5.51   4.16e+05   4.91e+03    5.07   0.07   2.15   0.08   1.19    5.16     3.26    3.66    2.56    9.45  -0.68    8.4   32.3   -0.34  -0.08
NGC 6681  280.80316  -32.29211     32   217.4   0.9     9.20     2.10   1.13e+05   1.66e+03    7.98   0.15   2.00   0.28   0.05    3.07     2.10    7.33    3.07    8.76  -0.00    7.1   26.4   -0.32  -0.13
NGC 6712  283.26792   -8.70611    215  -107.5   0.3     6.73     3.80   1.27e+05   1.33e+04    7.97   0.21   1.41   0.31   1.22    4.31     2.86    3.57    2.69    9.03  -0.33    5.0   18.7   -0.32  -0.10
NGC 6715  283.76385  -30.47986    548   142.3   0.3    23.50    15.46   1.41e+06   1.66e+04    7.47   0.10   2.04   0.10   0.54    5.62     3.20    5.35    2.98    9.77  -1.03   16.2   67.0   -0.38  -0.04
NGC 6723  284.88812  -36.63225    360   -94.4   0.2     8.20     2.53   1.57e+05   1.29e+04    7.11   0.17   1.77   0.28   1.69    4.82     3.50    2.99    2.29    9.14   0.02    5.3   19.0   -0.27  -0.11
NGC 6749  286.31375    1.88417     15   -58.5   0.9     7.80     5.11   5.68e+04   3.57e+04   12.44   0.20   1.45   0.95   1.30    4.97     3.37    3.00    2.06    8.98  -0.28    3.2   11.8   -0.33  -0.12
NGC 6752  287.71710  -59.98455   1095   -26.2   0.1     4.30     5.50   2.39e+05   3.73e+03    5.52   0.17   2.17   0.34   0.19    4.01     2.40    5.38    2.64    9.16  -0.45    8.3   34.5   -0.38  -0.11
NGC 6760  287.80004    1.03047     23    -1.6   1.7     7.40     5.06   2.54e+05   1.08e+05    8.94   0.07   2.29   0.98   0.75    4.50     2.82    4.03    2.54    9.24  -0.53    7.2   28.6   -0.37  -0.10
NGC 6779  289.14819   30.18347     96  -122.0   0.5    13.49    12.25   2.81e+05   5.24e+04    8.08   0.19   1.58   0.38   1.71    6.40     4.38    3.08    2.14    9.49  -0.59    6.1   23.4   -0.30  -0.08
Ter 7     289.43298  -34.65772     42   159.6   0.1    26.91    19.17   1.66e+04   5.06e+03   11.66   0.50   1.00   0.57   3.26   21.36    13.07    0.71   -0.67    9.84  -1.10    0.8    3.2   -0.34  -0.02
Arp 2     292.18381  -30.35564     65   122.5   0.3    32.36    24.71   1.09e+05   3.12e+04   12.60   0.21  10.03   3.47  11.21   23.58    16.74    0.40   -0.04   10.32  -1.50    2.0    6.9   -0.19  -0.04
NGC 6809  294.99878  -30.96475    581   174.8   0.2     5.75     4.07   1.88e+05   1.17e+04    6.63   0.24   2.38   0.49   2.93    6.92     4.70    2.45    1.91    9.51  -0.82    4.8   17.0   -0.23  -0.10
Ter 8     295.43503  -33.99947    110   148.2   0.2    26.73    19.38   4.39e+04   1.21e+04   12.11   0.32   4.02   1.53  12.44   21.40    15.26    0.02   -0.26   10.07  -1.32    1.4    4.5   -0.17  -0.08
Pal 11    296.31000   -8.00722     18   -67.2   1.0    14.30     8.82   1.48e+05   1.17e+05    8.80   0.58   2.26   1.83   5.08    9.33     6.63    2.08    1.75    9.64  -0.91    3.7   12.3   -0.18  -0.08
NGC 6838  298.44373   18.77919    237   -22.5   0.2     3.86     7.16   4.91e+04   4.73e+03    7.91   0.39   2.76   1.05   0.52    4.54     2.95    3.67    1.94    8.90  -0.19    3.3   13.1   -0.38  -0.12
NGC 6864  301.51954  -21.92117     59  -188.6   0.9    20.00    13.60   5.86e+05   1.24e+05    8.58   0.10   2.94   0.68   0.56    4.00     2.46    4.81    3.14    9.31  -0.60   11.8   47.1   -0.38  -0.08
NGC 6934  308.54739    7.40447     29  -406.1   0.5    14.00    11.40   1.17e+05   3.41e+04    8.72   0.11   1.76   0.51   1.12    4.72     2.63    3.56    2.50    9.17  -0.97    4.7   17.9   -0.37  -0.12
NGC 7006  315.37242   16.18733     30  -383.2   0.6    58.80    55.79   2.29e+05   8.17e+04   10.65   0.07   1.23   0.44   3.23   10.33     6.68    2.04    1.22    9.87  -1.12    4.4   16.1   -0.27  -0.06
NGC 7078  322.49304   12.16700   1473  -106.5   0.2     9.90    10.35   4.53e+05   4.69e+03    6.13   0.10   1.15   0.11   0.08    3.41     1.90    6.60    3.23    9.18  -0.75   12.9   53.3   -0.39  -0.12
NGC 7089  323.36258   -0.82325    543    -3.6   0.3    11.50    10.48   5.82e+05   1.16e+04    6.43   0.03   1.62   0.06   0.77    4.79     3.00    4.31    2.80    9.44  -0.56   10.6   42.1   -0.39  -0.08
NGC 7099  325.09213  -23.17986    762  -185.3   0.1     8.10     7.35   1.33e+05   7.94e+03    7.25   0.24   1.85   0.39   0.06    4.88     2.44    5.99    2.21    9.26  -1.06    5.5   22.9   -0.42  -0.14
Pal 12    326.66180  -21.25261     26    28.2   0.2    19.05    15.73   1.19e+04   7.32e+03   12.27   0.33   2.92   2.02   3.69    9.98     6.98    1.16    0.50    9.18  -0.38    1.0    3.6   -0.26  -0.09
Pal 13    346.68517   12.77200     43    25.7   0.3    24.80    25.92   2.74e+04   1.45e+04   13.47   0.01  10.74   5.75   3.45   18.13    11.08    1.03   -0.24    9.85  -1.11    1.2    4.6   -0.32  -0.03
NGC 7492  347.11096  -15.61150     29  -176.7   0.2    26.55    25.63   3.07e+04   8.93e+03   11.13   0.38   1.44   0.66   4.22   11.13     7.51    1.09    0.46    9.50  -0.75    1.5    5.5   -0.30  -0.10
