#       x               y          id          logage      logmass   FWHM(pc)
      2210.48      2494.65      58752.0      6.18000      5.10000      1.49828
      2139.69      2649.09      63711.0      6.02000      4.90000      1.32201
      5779.17      2695.06      65214.0      6.74000      5.00000      1.93895
      1893.49      3009.03      74783.0      6.88000      4.80000      5.78747
      5956.02      3161.03      79840.0      6.32000      4.90000      7.34450
      5933.22      3177.70      80384.0      6.52000      4.90000     0.969474
      3501.75      5011.45      130769.      6.74000      4.80000     0.910718
      4555.75      5100.72      133257.      6.70000      5.00000     0.616938
      3752.32      5129.49      134025.      6.72000      5.00000    0.0293780
      3795.72      5260.54      137601.      6.78000      5.10000     0.705072
      4087.05      5895.23      155645.      6.48000      4.90000    0.0293780
      2505.43      6435.38      172737.      6.76000      4.80000      1.55703
      5339.90      7125.22      194227.      6.46000      4.80000      1.29263
      2760.01      7484.29      204688.      6.58000      5.10000     0.822584
      1345.62      7917.37      213943.      6.86000      4.80000      2.73215
      3584.70      4875.47      127383.      6.74000      5.30000      1.43952
      3525.04      5676.13      14908.0      6.66000      5.40000      1.11636
      2206.77      2488.03      58513.0      6.32000      4.60000     -999.
      2197.86      2502.71      59036.0      6.40000      4.80000     0.793206
      5733.17      2669.98      64421.0      6.74000      4.60000      3.23158
      5775.49      2674.44      64579.0      6.60000      4.70000     0.793206
      5831.30      2702.18      65468.0      6.76000      4.60000     0.235024
      5946.42      3070.53      76785.0      6.00000      4.60000      2.11522
      5951.41      3180.99      80526.0      6.44000      4.60000      1.08699
      5938.54      3182.53      80564.0      6.72000      4.80000     -999.
      5942.04      3183.20      80591.0      6.68000      4.60000     -999.
      4689.17      4295.57      110587.      6.38000      4.70000     0.851962
      4750.54      4396.81      113387.      6.58000      4.60000    0.0293780
      4601.68      4453.69      114928.      6.80000      4.50000     0.734450
      2554.49      4663.75      121508.      6.74000      4.60000     0.235024
      2293.35      4999.52      130446.      6.00000      4.60000     0.646316
      4582.93      5083.72      132815.      6.86000      4.50000      2.67340
      4430.80      5119.20      133742.      6.38000      4.80000     0.734450
      3916.19      5368.92      140598.      6.42000      4.70000      1.35139
      1678.00      5765.27      151683.      6.88000      4.50000      1.49828
      2244.69      5768.18      151783.      6.78000      4.70000      3.78976
      5474.14      5777.93      152106.      6.00000      4.50000      3.96603
      3832.22      5820.51      153350.      6.84000      4.60000     0.616938
      4332.55      5966.07      157786.      6.00000      4.70000      2.79091
      4499.66      6022.46      159521.      6.00000      4.50000    0.0293780
      4290.90      6026.66      159671.      6.52000      4.60000      3.17282
      2487.13      6081.57      161302.      6.00000      4.60000     0.793206
      2426.70      6146.59      163179.      6.90000      4.50000      1.02823
      2583.01      6509.20      174859.      6.58000      4.50000      1.02823
      1067.46      6608.34      177771.      6.82000      4.60000      5.02364
      1192.15      6747.13      181977.      6.00000      4.50000      19.4189
      2276.09      6826.62      184372.      6.78000      4.70000      4.49483
      2777.21      7117.76      193995.      6.46000      4.70000     0.910718
      2474.39      7210.27      196873.      6.86000      4.60000      3.78976
      2355.95      7275.56      198779.      6.88000      4.80000      1.38077
      2767.99      7490.18      204863.      6.72000      4.80000     0.646316
      2779.91      7506.62      205349.      6.52000      4.50000      1.23388
      3616.18      7556.27      206800.      6.54000      4.50000      1.20450
      3939.90      7618.47      208428.      6.00000      4.60000     0.734450
      2928.83      7675.55      209800.      6.02000      4.50000      4.87675
      4583.27      5040.06      236675.      6.46000      4.50000      5.49369
      4084.83      5903.79      236848.      6.02000      4.50000    0.0293780
      2432.39      1757.36      35999.0      8.06000      4.80000      9.04842
      7493.36      1771.53      36485.0      8.06000      5.50000      5.69933
      4791.38      1984.87      43323.0      8.06000      4.80000      12.3388
      6772.83      1987.77      43425.0      8.06000      5.00000      5.58182
      2722.72      2237.15      50202.0      8.31000      4.90000      6.87445
      7703.78      2430.06      56674.0      8.06000      4.80000      5.61120
      1542.21      2502.19      58998.0      8.06000      5.00000      5.66995
      6942.98      2814.48      69003.0      8.06000      4.90000      4.17168
      2195.41      2912.49      71907.0      8.01000      4.90000      3.90727
      4802.52      3040.33      75796.0      8.31000      4.80000      4.70048
      6904.85      3181.78      80565.0      8.06000      4.90000      4.81799
      6862.64      3183.15      80596.0      8.06000      4.80000      5.87560
      7078.46      3232.60      82122.0      8.06000      4.90000      3.31971
      4678.34      3290.68      83779.0      8.06000      5.80000      1.67455
      6816.38      3315.68      84539.0      8.06000      4.90000      5.93436
      3253.83      3321.72      84710.0      8.06000      5.10000      9.10718
      6830.12      3369.24      86095.0      8.06000      5.40000      5.99311
      6779.71      3408.42      87328.0      8.06000      4.90000      2.73215
      6752.20      3589.47      93417.0      8.06000      5.00000      3.90727
      7658.00      3595.31      93649.0      8.46000      4.90000      3.55474
      476.880      3604.01      93923.0      8.01000      5.00000      8.25522
      4722.49      3693.80      96613.0      8.01000      4.90000      10.7230
      1641.77      3710.83      97028.0      8.06000      4.80000      9.45972
      6302.15      3941.35      102154.      7.91000      5.10000      2.79091
      7128.50      4013.34      103895.      8.06000      5.20000      5.31742
      1772.01      4073.00      105200.      7.96000      5.40000      5.46431
      2688.16      4276.62      110078.      8.06000      4.90000      2.37962
      7437.37      4293.50      110545.      8.46000      5.40000      6.87445
      6220.50      4351.30      112074.      8.16000      5.00000      3.08469
      7595.19      4352.24      112109.      8.06000      4.90000      4.17168
      5595.08      4449.31      114783.      8.46000      4.80000      5.55244
      6188.32      4449.44      114784.      8.01000      5.20000      5.14115
      4896.66      4617.08      119988.      8.36000      4.90000      5.84622
      6198.42      4622.59      120190.      8.36000      5.00000      6.49254
      2471.60      4657.40      121253.      8.41000      5.40000      5.81684
      6417.23      4729.00      123551.      8.06000      4.90000      8.25522
      6871.58      4749.05      124108.      8.01000      5.00000      1.79206
      6403.50      4760.07      124409.      8.06000      5.00000      7.46201
      4697.28      4824.82      126108.      7.96000      5.00000      2.73215
      6667.21      4932.64      128875.      8.31000      5.50000      9.48909
      5486.13      5174.15      135241.      8.06000      4.80000      4.67110
      7780.22      5363.77      140460.      8.41000      5.10000      4.67110
      6130.65      5373.61      140745.      8.26000      5.10000      4.61235
      4916.65      5420.35      142108.      8.06000      5.10000     0.910718
      4734.06      5753.54      151353.      8.06000      4.90000      7.31512
      2681.42      5766.46      151755.      8.46000      4.80000      2.52651
      4616.15      5810.97      153092.      8.06000      5.20000      5.72871
      5157.75      5815.89      153238.      8.06000      5.10000      12.7501
      4594.00      5942.64      157100.      8.01000      5.20000      1.05761
      1157.27      5970.97      157930.      8.36000      5.30000      4.90613
      2667.02      6050.64      160438.      8.06000      5.10000      14.4246
      3961.99      6262.40      166907.      8.06000      5.10000      4.17168
      6808.32      6268.49      167150.      8.06000      4.80000      3.96603
      5057.54      6525.24      175371.      8.36000      4.80000      3.93665
      2381.05      6543.64      175914.      8.31000      4.90000      9.51847
      791.060      6679.37      179887.      8.01000      5.20000      1.38077
      6289.63      6692.72      180325.      8.06000      5.00000      5.93436
      4567.70      6772.13      182714.      8.06000      5.10000      10.3117
      821.720      6946.29      188185.      8.01000      4.80000      10.3117
      1488.77      7004.57      190224.      8.01000      5.10000      4.08354
      980.060      7497.73      205091.      8.36000      4.90000      4.78861
      3224.86      8384.98      217957.      8.01000      4.90000      3.43723
      3776.95      8473.58      218494.      8.01000      5.00000      11.1930
      2330.00      9386.39      223334.      8.06000      5.60000      4.70048
      3112.12      1166.81      17558.0      8.46000      4.70000      1.61579
      4317.87      1403.29      24356.0      8.41000      4.80000      1.79206
      4983.66      1443.63      25647.0      7.96000      4.70000      9.87101
      3808.52      1679.07      33486.0      8.36000      4.70000      3.11407
      6805.56      1937.04      41886.0      8.06000      4.60000      1.67455
      5162.57      1984.58      43326.0      8.06000      4.50000      2.49713
      2281.84      2078.00      45831.0      8.06000      4.60000      6.22814
      3061.74      2153.85      47836.0      7.96000      4.70000      4.43608
      3183.67      2154.75      47863.0      8.31000      4.70000      10.6348
      5364.45      2175.24      48422.0      8.06000      4.60000      1.76268
      6104.68      2208.03      49375.0      8.06000      4.80000      7.08010
      5457.40      2228.47      49935.0      7.91000      4.80000      4.37732
      3946.88      2325.88      53067.0      7.96000      4.70000      4.11292
      5678.81      2333.30      53312.0      8.36000      4.60000      9.07780
      5736.72      2413.54      56117.0      8.06000      4.50000      6.31627
      4336.13      2471.09      57972.0      8.41000      4.60000      5.96373
      3494.92      2528.81      59882.0      8.01000      4.50000      5.25866
      3390.76      2536.30      60125.0      7.96000      4.80000      3.64287
      3184.72      2578.32      61541.0      8.36000      4.60000      17.7149
      5955.57      2593.52      62011.0      8.11000      4.50000      1.67455
      4271.29      2662.08      64155.0      8.46000      4.50000      2.32086
      1816.70      2669.33      64370.0      7.96000      4.60000      7.02134
      5945.19      2670.28      64457.0      8.11000      4.60000      9.69474
      2735.11      2688.62      65010.0      8.01000      4.60000      1.35139
      4933.00      2861.49      70436.0      8.01000      4.80000      7.46201
      4950.28      2913.74      71945.0      8.36000      4.50000      4.20105
      1486.69      2953.93      73145.0      8.06000      4.70000      2.37962
      5497.67      2990.42      74220.0      8.31000      4.50000      5.61120
      5895.56      3028.38      75413.0      8.06000      4.70000      4.84737
      5664.46      3213.45      81546.0      8.36000      4.50000      5.22928
      2464.12      3338.93      85207.0      8.06000      4.60000      6.81570
      5641.80      3504.76      90533.0      7.96000      4.70000      5.43493
      1304.35      3575.90      92967.0      8.06000      4.50000      1.79206
      6808.96      3631.79      94844.0      8.06000      4.60000      3.87790
      4680.61      3645.61      95245.0      7.96000      4.70000      1.38077
      6734.39      3674.02      96058.0      8.06000      4.60000      2.20335
      4737.77      3743.81      97793.0      7.91000      4.70000      6.02249
      2785.12      3863.76      100426.      8.46000      4.70000      8.69589
      1276.71      3879.22      100763.      8.11000      4.60000      4.34794
      7170.14      3963.23      102690.      8.36000      4.60000      1.99770
      2418.56      3965.60      102753.      8.01000      4.70000      12.2800
      2770.05      3986.60      103283.      8.31000      4.60000      3.70163
      7046.18      4031.98      104324.      8.36000      4.60000      1.20450
      2890.93      4034.59      104386.      8.26000      4.60000      2.90842
      4240.79      4254.46      109480.      8.01000      4.60000      5.64058
      2844.19      4277.41      110079.      8.06000      4.60000      3.87790
      3229.83      4304.79      110829.      8.31000      4.70000      3.84852
      2690.16      4357.75      112263.      8.36000      4.50000      5.49369
      5393.09      4376.30      112792.      8.31000      4.60000      2.05646
      3993.08      4441.54      114557.      8.21000      4.70000    0.0293780
      5707.59      4451.78      114868.      8.46000      4.60000      4.37732
      2707.48      4529.11      117124.      8.06000      4.70000      3.78976
      3422.58      4551.84      117832.      8.01000      4.50000      4.93550
      7327.04      4621.58      120165.      8.06000      4.70000      3.46660
      4890.91      4639.25      120664.      7.96000      4.70000      7.28574
      3405.24      4659.25      121338.      8.41000      4.50000      1.26325
      2111.62      4699.76      122645.      7.96000      4.60000      2.49713
      6383.51      4729.17      123550.      8.01000      4.60000      4.17168
      3353.02      4752.52      124169.      8.36000      4.70000      4.90613
      3308.62      4833.62      126349.      8.06000      4.50000      3.58412
      6049.97      4844.26      126602.      8.06000      4.70000      1.64517
      2275.51      4850.54      126767.      8.06000      4.60000      3.05531
      4601.10      4903.09      128109.      7.96000      4.60000      5.11177
      2193.40      4960.85      129498.      8.01000      4.60000      6.25751
      4092.42      4964.39      129593.      8.06000      4.60000    0.0293780
      3689.82      4981.64      130014.      7.91000      4.80000      1.58641
      6140.67      5047.90      131806.      8.46000      4.80000      9.54785
      7303.13      5085.94      132886.      8.31000      4.50000      3.96603
      2585.87      5121.28      133802.      8.46000      4.70000      5.66995
      4302.73      5155.74      134737.      8.06000      4.60000      1.26325
      2497.12      5160.42      134843.      8.01000      4.50000      3.78976
      1628.14      5323.33      139228.      8.36000      4.60000      10.2235
      6234.13      5331.24      139481.      8.36000      4.80000      5.14115
      2195.23      5501.51      144194.      7.96000      4.80000      5.58182
      5637.75      5522.69      144760.      7.96000      4.70000      16.6279
      6937.15      5550.51      145502.      8.06000      4.50000      5.93436
      1658.74      5633.48      147868.      8.36000      4.60000      2.49713
      1775.82      5670.79      148918.      7.91000      4.60000      3.05531
      1495.71      5749.92      151214.      8.06000      4.60000      2.87904
      1302.99      5753.88      151335.      8.01000      4.50000      3.93665
      6685.58      5809.04      153031.      8.06000      4.80000      2.96718
      6742.37      5990.10      158527.      8.36000      4.80000      4.20105
      2531.75      6007.80      159053.      8.01000      4.50000      8.63713
      4932.42      6035.46      159942.      8.01000      4.60000      5.40555
      4444.04      6084.98      161394.      8.46000      4.70000      6.66881
      2118.46      6177.28      164197.      8.36000      4.60000      6.63943
      6459.15      6189.01      164604.      8.06000      4.50000      3.70163
      4552.92      6257.50      166771.      8.06000      4.60000      1.85081
      3261.29      6258.56      166802.      8.26000      4.60000      1.35139
      2763.49      6285.48      167778.      8.06000      4.70000      10.4879
      3577.54      6368.50      170680.      8.06000      4.70000      2.84967
      2405.37      6388.56      171336.      7.91000      4.60000      2.52651
      4850.50      6449.05      173174.      8.06000      4.50000      2.37962
      2789.66      6450.90      173225.      8.31000      4.70000      2.96718
      7124.47      6527.93      175457.      8.31000      4.50000      5.46431
      5323.40      6541.17      175835.      7.91000      4.80000      2.02708
      6465.15      6599.53      177569.      8.06000      4.70000      2.43837
      4973.26      6632.04      178484.      8.31000      4.50000      6.46316
      6265.23      6639.14      178682.      8.06000      4.60000      8.72527
      1525.97      6665.27      179447.      8.36000      4.70000      4.46546
      6263.58      6723.43      181256.      8.31000      4.60000      5.96373
      6519.53      6827.72      184459.      8.06000      4.70000      2.84967
      6249.26      6833.79      184653.      8.06000      4.50000      2.67340
      6043.56      6863.06      185556.      8.36000      4.80000      2.17397
      3059.30      6878.61      186054.      7.91000      4.60000      1.88019
      2213.27      6915.81      187217.      8.06000      4.60000      4.08354
      2002.73      6991.55      189790.      8.06000      4.70000      7.49139
      2226.91      7043.90      191600.      8.46000      4.60000      9.92976
      5609.47      7132.36      194441.      8.06000      4.60000      6.63943
      5854.21      7261.40      198375.      8.31000      4.60000      9.54785
      2885.52      7323.22      200079.      8.26000      4.70000      2.26211
      4433.08      7357.77      201106.      8.46000      4.70000      1.38077
      3842.92      7375.84      201586.      8.01000      4.80000      5.37617
      4128.50      7383.51      201831.      8.06000      4.60000      1.67455
      3884.41      7635.43      208828.      7.91000      4.60000      2.52651
      2116.06      7647.24      209101.      8.01000      4.60000      2.08584
      2028.89      10039.5      226290.      7.96000      4.50000      6.75694
