# logc	xh2d	xh3d
-1.	0.020046722239126402	0.05928158653338905
-0.9964964964964965	0.020204571405357166	0.05976034673324751
-0.992992992992993	0.020363629191423843	0.0602429505548548
-0.9894894894894894	0.020523904333503484	0.0607294283009263
-0.985985985985986	0.02068540562427369	0.06121981050027649
-0.9824824824824825	0.02084814191144845	0.06171412790774201
-0.978978978978979	0.021012122098718326	0.06221241150711358
-0.9754754754754755	0.021177355147071187	0.0627146925114045
-0.9719719719719719	0.021343850072697096	0.06322100236463704
-0.9684684684684685	0.021511615949764015	0.06373137274274165
-0.964964964964965	0.021680661907691606	0.06424583555567003
-0.9614614614614615	0.021850997135253385	0.06476442294794911
-0.957957957957958	0.022022630877443806	0.06528716730083123
-0.9544544544544544	0.02219557243688159	0.06581410123266834
-0.950950950950951	0.022369831175097665	0.06634525760117481
-0.9474474474474475	0.022545416510185462	0.06688066950415955
-0.943943943943944	0.022722337920943705	0.06742037028129698
-0.9404404404404404	0.022900604941979045	0.06796439351493312
-0.9369369369369369	0.023080227169830228	0.06851277303178603
-0.9334334334334334	0.023261214258084854	0.06906554290449844
-0.92992992992993	0.023443575920474247	0.06962273745236673
-0.9264264264264264	0.02362732192896275	0.0701843912430558
-0.9229229229229229	0.023812462118347758	0.0707505390938752
-0.9194194194194194	0.02399900638047292	0.07132121607272433
-0.9159159159159159	0.02418696466913253	0.07189645750010348
-0.9124124124124124	0.0243763469982357	0.07247629894974163
-0.9089089089089089	0.024567163442050777	0.07306077625006333
-0.9054054054054054	0.02475942413594631	0.07364992548583876
-0.9019019019019019	0.024953139276776656	0.07424378299886202
-0.8983983983983984	0.025148319123516095	0.07484238538958485
-0.8948948948948949	0.025344973994373285	0.0754457695184784
-0.8913913913913913	0.02554311427226053	0.07605397250676901
-0.8878878878878879	0.025742750400572636	0.07666703173843427
-0.8843843843843844	0.02594389288477697	0.07728498486053838
-0.8808808808808809	0.026146552293904276	0.07790786978526573
-0.8773773773773774	0.026350739258985782	0.07853572469060376
-0.8738738738738738	0.026556464474345853	0.07916858802185599
-0.8703703703703703	0.026763738697254895	0.07980649849260407
-0.8668668668668669	0.02697257274827367	0.08044949508587203
-0.8633633633633634	0.027182977511675827	0.08109761705556155
-0.8598598598598599	0.02739496393558222	0.08175090392733304
-0.8563563563563563	0.027608543032053744	0.08240939549970036
-0.8528528528528528	0.0278237258772842	0.08307313184546407
-0.8493493493493494	0.02804052361198216	0.08374215331251308
-0.8458458458458459	0.02825894744120735	0.0844165005249707
-0.8423423423423424	0.02847900863519697	0.08509621438436321
-0.8388388388388388	0.0287007185282844	0.08578133607058683
-0.8353353353353353	0.028924088521558824	0.08647190704296638
-0.8318318318318318	0.029149130079762563	0.0871679690413562
-0.8283283283283284	0.029375854734723036	0.08786956408688273
-0.8248248248248248	0.029604274082886677	0.08857673448322578
-0.8213213213213213	0.029834399787318635	0.08928952281728601
-0.8178178178178178	0.03006624357680738	0.0900079719604687
-0.8143143143143143	0.030299817246978507	0.09073212506929215
-0.8108108108108107	0.03053513265945076	0.0914620255862438
-0.8073073073073073	0.030772201742586016	0.0921977172410847
-0.8038038038038038	0.031011036492081805	0.09293924405108828
-0.8003003003003003	0.031251648969687976	0.09368665032229144
-0.7967967967967968	0.03149405130569815	0.09443998065016405
-0.7932932932932932	0.031738255696822155	0.09519927992024103
-0.7897897897897898	0.03198427440725468	0.0959645933091395
-0.7862862862862863	0.03223211976981826	0.0967359662848163
-0.7827827827827828	0.032481804184152696	0.09751344460777692
-0.7792792792792793	0.03273334011842304	0.09829707433130531
-0.7757757757757757	0.03298674010904097	0.099086901802336
-0.7722722722722722	0.03324201676062464	0.09988297366178499
-0.7687687687687688	0.03349918274675716	0.10068533684532804
-0.7652652652652653	0.033758250808462134	0.10149403858382602
-0.7617617617617618	0.03401923375700158	0.10230912640372432
-0.7582582582582582	0.03428214447173045	0.10313064812765033
-0.7547547547547547	0.03454699590115989	0.10395865187466813
-0.7512512512512513	0.03481380106351136	0.10479318606073232
-0.7477477477477478	0.03508257304584204	0.10563429939896167
-0.7442442442442443	0.03535332500481256	0.10648204089992364
-0.7407407407407407	0.035626070166734365	0.10733645987195888
-0.7372372372372372	0.035900821828199314	0.1081976059212445
-0.7337337337337337	0.036177593354824185	0.10906552895204275
-0.7302302302302303	0.036456398182475216	0.1099402791668179
-0.7267267267267268	0.036737249817971294	0.11082190706621595
-0.7232232232232232	0.0370201618371275	0.11171046344914197
-0.7197197197197197	0.03730514788675294	0.11260599941268148
-0.7162162162162162	0.037592221684210655	0.11350856635210815
-0.7127127127127127	0.03788139701731041	0.11441821596065728
-0.7092092092092093	0.03817268774437616	0.1153350002292761
-0.7057057057057057	0.03846610779464663	0.11625897144660985
-0.7022022022022022	0.03876167116829592	0.11719018219842883
-0.6986986986986987	0.03905939193629045	0.11812868536748933
-0.6951951951951952	0.039359284240846566	0.11907453413297571
-0.6916916916916918	0.039661362295212305	0.12002778197011843
-0.6881881881881882	0.03996564038390103	0.12098848264961828
-0.6846846846846847	0.04027213286253137	0.12195669023704579
-0.6811811811811812	0.040580854158387025	0.12293245909219819
-0.6776776776776776	0.04089181877014438	0.12391584386838735
-0.6741741741741742	0.041205041267888196	0.12490689951160913
-0.6706706706706707	0.04152053629334401	0.12590568125969978
-0.6671671671671672	0.041838318559992725	0.12691224464145265
-0.6636636636636637	0.04215840285287124	0.12792664547556037
-0.6601601601601601	0.042480804028882074	0.12894893986956502
-0.6566566566566567	0.04280553701641721	0.12997918421869817
-0.6531531531531531	0.04313261681642681	0.13101743520470302
-0.6496496496496496	0.04346205850110962	0.13206374979447977
-0.6461461461461462	0.0437938772148038	0.13311818523876143
-0.6426426426426426	0.044128088173909216	0.13418079907061764
-0.6391391391391392	0.04446470666702257	0.13525164910394274
-0.6356356356356356	0.04480374805436395	0.13633079343183419
-0.632132132132132	0.04514522776818101	0.13741829042484338
-0.6286286286286287	0.045489161313390786	0.1385141987292528
-0.6251251251251251	0.04583556426650614	0.13961857726512558
-0.6216216216216216	0.04618445227614531	0.14073148522440387
-0.6181181181181181	0.04653584106326594	0.14185298206881533
-0.6146146146146145	0.04688974642084607	0.14298312752766687
-0.6111111111111112	0.047246184213929496	0.14412198159569506
-0.6076076076076076	0.04760517037984415	0.14526960453065452
-0.6041041041041041	0.047966720927772905	0.14642605685087873
-0.6006006006006006	0.04833085193915279	0.1475913993327489
-0.597097097097097	0.04869757956744879	0.14876569300810924
-0.5935935935935936	0.049066920038326765	0.14994899916137502
-0.5900900900900901	0.04943888964897968	0.15114137932680838
-0.5865865865865866	0.04981350476927029	0.15234289528552333
-0.5830830830830831	0.050190781840530864	0.15355360906241602
-0.5795795795795795	0.050570737376021524	0.15477358292298465
-0.5760760760760761	0.050953387961313636	0.15600287937007187
-0.5725725725725725	0.05133875025335152	0.15724156114041155
-0.5690690690690691	0.05172684098106671	0.15848969120116502
-0.5655655655655656	0.052117676944963144	0.15974733274628528
-0.562062062062062	0.052511275017286016	0.16101454919275268
-0.5585585585585586	0.052907652142000605	0.16229140417672563
-0.555055055055055	0.053306825334317465	0.16357796154955215
-0.5515515515515516	0.05370881168103377	0.16487428537364435
-0.5480480480480481	0.05411362834042809	0.16618043991827777
-0.5445445445445445	0.05452129254175338	0.16749648965521546
-0.5410410410410411	0.05493182158588998	0.16882249925421808
-0.5375375375375375	0.05534523284438814	0.17015853357845967
-0.534034034034034	0.055761543759972755	0.17150465767975492
-0.5305305305305306	0.05618077184633548	0.17286093679369954
-0.527027027027027	0.056602934687881995	0.17422743633468654
-0.5235235235235235	0.057028049939744786	0.17560422189074287
-0.52002002002002	0.05745613532764145	0.17699135921826956
-0.5165165165165165	0.05788720864756635	0.17838891423660924
-0.513013013013013	0.05832128776605987	0.17979695302254475
-0.5095095095095095	0.05875839061976355	0.1812155418045821
-0.506006006006006	0.059198535215238185	0.18264474695714078
-0.5025025025025025	0.059641739629330344	0.1840846349945721
-0.498998998998999	0.06008802200827073	0.18553527256509167
-0.49549549549549554	0.06053740056808396	0.1869967264444762
-0.49199199199199195	0.06098989359435377	0.18846906352972392
-0.48848848848848847	0.06144551944174086	0.1899523508325064
-0.484984984984985	0.06190429653445613	0.1914466554724477
-0.4814814814814815	0.0623662433653552	0.1929520446703603
-0.47797797797797803	0.06283137849615883	0.19446858574122403
-0.47447447447447444	0.06329972055737837	0.19599634608710356
-0.47097097097097096	0.06377128824801191	0.1975353931898527
-0.4674674674674675	0.06424610033514505	0.19908579460372014
-0.463963963963964	0.06472417565407731	0.20064761794776798
-0.4604604604604605	0.06520553310805917	0.20222093089817736
-0.45695695695695693	0.06569019166799474	0.2038058011804034
-0.45345345345345345	0.06617817037223554	0.20540229656113215
-0.44994994994994997	0.06666948832652943	0.207010484840161
-0.4464464464464465	0.06716416470373596	0.20863043384206756
-0.442942942942943	0.06766221874331395	0.21026221140778317
-0.4394394394394394	0.06816366975176702	0.21190588538598198
-0.43593593593593594	0.06866853710182846	0.2135615236243362
-0.43243243243243246	0.06917684023236426	0.215229193960628
-0.428928928928929	0.06968859864837185	0.2169089642137224
-0.4254254254254255	0.07020383192036113	0.21860090217436792
-0.4219219219219219	0.07072255968463698	0.22030507559587253
-0.4184184184184184	0.07124480164248577	0.22202155218466352
-0.41491491491491495	0.07177057756030068	0.22375039959064374
-0.41141141141141135	0.0722999072691618	0.22549168539745937
-0.407907907907908	0.07283281066474191	0.2272454771126194
-0.4044044044044044	0.07336930770685249	0.2290118421574456
-0.4009009009009009	0.07390941841923256	0.23079084785695034
-0.39739739739739743	0.07445316288945174	0.23258256142949998
-0.39389389389389384	0.07500056126822388	0.2343870499764271
-0.3903903903903905	0.07555163376979075	0.23620438047146572
-0.3868868868868869	0.07610640067085382	0.23803461975006796
-0.3833833833833834	0.07666488231091959	0.2398778344985949
-0.3798798798798799	0.07722709909168285	0.24173409124341746
-0.37637637637637633	0.07779307147692487	0.24360345633984878
-0.37287287287287296	0.0783628199920545	0.24548599596098652
-0.36936936936936937	0.07893636522377175	0.24738177608646847
-0.3658658658658659	0.07951372781999817	0.24929086249106444
-0.3623623623623624	0.08009492848947189	0.2512133207332183
-0.3588588588588588	0.08067998800118704	0.25314921614343483
-0.35535535535535534	0.08126892718453715	0.2550986138126348
-0.35185185185185186	0.08186176692857103	0.25706157858033973
-0.3483483483483484	0.08245852818195888	0.2590381750228384
-0.3448448448448449	0.08305923195252085	0.2610284674412248
-0.3413413413413413	0.08366389930696669	0.2630325198493738
-0.33783783783783783	0.08427255137042573	0.26505039596183383
-0.33433433433433435	0.0848852093264435	0.26708215918165457
-0.33083083083083087	0.08550189441620543	0.26912787258815424
-0.3273273273273274	0.08612262793855086	0.2711875989246199
-0.3238238238238238	0.08674743124945541	0.27326140058595416
-0.3203203203203203	0.08737632576177042	0.27534933960628155
-0.31681681681681684	0.08800933294472219	0.27745147764649364
-0.31331331331331336	0.0886464743238171	0.2795678759817975
-0.3098098098098099	0.0892877714802463	0.2816985954891879
-0.3063063063063063	0.08993324605064154	0.2838436966349331
-0.3028028028028028	0.09058291972675132	0.28600323946201217
-0.2992992992992992	0.09123681425497517	0.28817728357758593
-0.29579579579579585	0.09189495143602645	0.2903658881404161
-0.29229229229229237	0.09255735312471856	0.2925691118483304
-0.2887887887887888	0.0932240412293226	0.2947870129256737
-0.2852852852852853	0.09389503771149638	0.29701964911079276
-0.2817817817817817	0.09457036458560347	0.2992670776435438
-0.27827827827827833	0.09525004391869839	0.30152935525283897
-0.27477477477477485	0.09593409782976497	0.30380653814422776
-0.27127127127127126	0.09662254848959612	0.3060986819875444
-0.2677677677677678	0.09731541812043967	0.30840584190459763
-0.2642642642642642	0.09801272899539916	0.31072807245695067
-0.2607607607607607	0.09871450343823188	0.31306542763375417
-0.25725725725725734	0.09942076382292685	0.3154179608396898
-0.25375375375375375	0.10013153257326195	0.3177857248829871
-0.2502502502502503	0.10084683216246176	0.3201687719635572
-0.24674674674674668	0.10156668511291328	0.32256715366123645
-0.2432432432432432	0.10229111399550862	0.32498092092415637
-0.23973973973973983	0.10302014142956208	0.32741012405722764
-0.23623623623623624	0.10375379008219128	0.3298548127107932
-0.23273273273273276	0.10449208266806613	0.33231503586940664
-0.22922922922922917	0.10523504194897905	0.33479084184077873
-0.2257257257257257	0.10598269073337611	0.3372822782449024
-0.22222222222222232	0.10673505187608891	0.3397893920033444
-0.21871871871871873	0.10749214827785603	0.3423122293287255
-0.21521521521521525	0.10825400288496165	0.3448508357144102
-0.21171171171171166	0.1090206386888666	0.3474052559243949
-0.20820820820820818	0.10979207872574885	0.34997553398341497
-0.2047047047047047	0.11056834607615978	0.35256171316727986
-0.20120120120120122	0.11134946386461803	0.35516383599344625
-0.19769769769769774	0.11213545525924005	0.3577819442118404
-0.19419419419419415	0.11292634347130594	0.3604160787959275
-0.19069069069069067	0.11372215175486852	0.36306627993405277
-0.1871871871871872	0.11452290340644597	0.3657325870210601
-0.1836836836836837	0.11532862176452799	0.36841503865019026
-0.18018018018018023	0.11613933020919054	0.37111367260527295
-0.17667667667667664	0.11695505216179368	0.3738285258532287
-0.17317317317317316	0.11777581108454034	0.3765596345368633
-0.16966966966966968	0.11860163048005087	0.37930703396801524
-0.1661661661661662	0.11943253389108613	0.3820707586209988
-0.16266266266266272	0.12026854490000649	0.38485084212640547
-0.15915915915915912	0.12110968712854427	0.38764731726524837
-0.15565565565565564	0.12195598423733571	0.3904602159634571
-0.15215215215215216	0.12280745992554665	0.39328956928673364
-0.14864864864864857	0.12366413793051308	0.3961354074357897
-0.1451451451451452	0.1245260420273968	0.39899775974194857
-0.1416416416416416	0.12539319602870316	0.4018766546631442
-0.13813813813813813	0.126265623784024	0.40477211978029765
-0.13463463463463465	0.12714334917964992	0.40768418179410854
-0.13113113113113106	0.1280263961381361	0.4106128665222439
-0.1276276276276277	0.1289147886179547	0.41355819889694007
-0.12412412412412399	0.12980855061321236	0.416520202963019
-0.12062062062062062	0.1307077061532034	0.41949890187633454
-0.11711711711711725	0.1316122793020744	0.42249431790264
-0.11361361361361355	0.13252229415849046	0.42550647241689754
-0.11011011011011018	0.13343777485524155	0.42853538590301665
-0.10660660660660648	0.1343587455589741	0.431581077954039
-0.10310310310310311	0.135285230469718	0.43464356727277176
-0.09959959959959974	0.1362172538206827	0.43772287167286444
-0.09609609609609604	0.13715483987782948	0.4408190080803454
-0.09259259259259267	0.1380980129395215	0.44393199253560267
-0.08908908908908897	0.13904679733630468	0.4470618401958385
-0.0855855855855856	0.14000121743045518	0.45020856533796355
-0.08208208208208223	0.1409612976156806	0.453372181361969
-0.07857857857857853	0.14192706231691346	0.4565527007947494
-0.07507507507507516	0.14289853598979754	0.4597501352943945
-0.07157157157157146	0.14387574312053628	0.4629644956549341
-0.06806806806806809	0.14485870822553262	0.46619579181155796
-0.0645645645645645	0.1458474558510493	0.4694440328462843
-0.06106106106106102	0.1468420105729816	0.47270922699409856
-0.05755755755755765	0.1478423969964736	0.47599138164954213
-0.054054054054053946	0.14884863975572063	0.4792905033737626
-0.05055055055055058	0.1498607635136116	0.48260659790201804
-0.047047047047046986	0.15087879296148024	0.48593967015162765
-0.043543543543543506	0.1519027528187898	0.4892897242303726
-0.04004004004004014	0.15293266783294732	0.49265676344534304
-0.036536536536536435	0.1539685627789543	0.49604079031221743
-0.033033033033033066	0.15501046245917	0.49944180656498277
-0.029529529529529475	0.15605839170306832	0.5028598131660824
-0.026026026026025995	0.15711237536696604	0.5062948103169831
-0.022522522522522626	0.15817243833381436	0.5097467974691652
-0.019019019019018923	0.1592386055128966	0.5132157733355225
-0.015515515515515554	0.16031090183967184	0.5167017359021642
-0.012012012012011963	0.1613893522754642	0.5202046824406158
-0.008508508508508483	0.16247398180732273	0.5237246095204089
-0.005005005005005114	0.16356481544774487	0.5272615130220544
-0.0015015015015014122	0.1646618782344795	0.5308153881503831
0.002002002002001957	0.16576519523031896	0.534386229448256
0.005505505505505548	0.16687479152295803	0.5379740308106291
0.009009009009008917	0.16799069222468238	0.5415787854989602
0.012512512512512508	0.16911292247230106	0.5452004861559555
0.0160160160160161	0.1702415074269053	0.5488391248206402
0.019519519519519468	0.17137647227369235	0.5524946929437444
0.02302302302302306	0.17251784222182234	0.5561671814033955
0.02652652652652643	0.1736656425042574	0.5598565805211029
0.03003003003003002	0.1748198983775861	0.5635628800780252
0.03353353353353361	0.17598063512190057	0.5672860693315103
0.03703703703703698	0.17714787804063148	0.5710261370318949
0.04054054054054057	0.17832165246045073	0.5747830714395491
0.04404404404404394	0.1795019837310898	0.5785568603421628
0.04754754754754753	0.18068889722528542	0.5823474910722491
0.05105105105105112	0.18188241833860214	0.5861549505248626
0.05455455455455449	0.18308257248938728	0.589979225175516
0.05805805805805808	0.18428938511862772	0.5938203010982839
0.06156156156156145	0.18550288168988976	0.5976781639840766
0.06506506506506504	0.18672308768919932	0.601552799159081
0.06856856856856863	0.18795002862500598	0.60544419160334
0.072072072072072	0.18918373002809913	0.6093523259694752
0.0755755755755756	0.19042421745152047	0.6132771866015302
0.07907907907907896	0.19167151647054348	0.6172187575539152
0.08258258258258255	0.19292565268262432	0.6211770226104634
0.08608608608608614	0.19418665170734276	0.6251519653035419
0.08958958958958951	0.1954545391863986	0.6291435689332764
0.0930930930930931	0.19672934078353244	0.6331518165867881
0.09659659659659647	0.1980110821845903	0.6371766911575009
0.10010010010010006	0.1992997890974518	0.6412181753644786
0.10360360360360366	0.2005954872520582	0.6452762517717678
0.10710710710710702	0.2018982024004122	0.6493509028077635
0.11061061061061062	0.20320796031658517	0.653442110784559
0.11411411411411398	0.2045247867967576	0.6575498579172768
0.11761761761761758	0.20584870765923557	0.6616741263433793
0.12112112112112117	0.20717974874450662	0.6658148981419229
0.12462462462462454	0.20851793591525192	0.6699721553527703
0.12812812812812813	0.2098632950564573	0.674145879995732
0.1316316316316315	0.21121585207541016	0.6783360540896292
0.1351351351351351	0.21257563290181017	0.6825426596712757
0.13863863863863868	0.2139426634878669	0.6867656788143502
0.14214214214214205	0.21531696980833345	0.6910050936481702
0.14564564564564564	0.21669857786062058	0.695260886376338
0.149149149149149	0.2180875136649443	0.6995330392952609
0.1526526526526526	0.2194838032643801	0.7038215348125295
0.1561561561561562	0.2208874727249951	0.7081263554651457
0.15965965965965978	0.22229854813600364	0.7124474839375943
0.16316316316316315	0.22371705560986443	0.7167849030797446
0.16666666666666652	0.22514302128245153	0.7211385959245761
0.1701701701701701	0.22657647131321454	0.7255085457057198
0.1736736736736737	0.22801743188528317	0.7298947358748014
0.1771771771771773	0.2294659292057102	0.7342971501185922
0.18068068068068066	0.23092198950560164	0.7387157723759432
0.18418418418418403	0.23238563904030485	0.7431505868545095
0.18768768768768762	0.2338569040896142	0.7476015780472445
0.1911911911911912	0.2353358109579767	0.7520687307487212
0.1946946946946948	0.2368223859746707	0.7565520300709826
0.19819819819819817	0.23831665549404596	0.761051461459601
0.20170170170170154	0.23981864589576307	0.765567010709049
0.20520520520520513	0.24132838358499306	0.7700986639780467
0.20870870870870872	0.24284589499268816	0.7746464078045834
0.21221221221221231	0.2443712065758025	0.7792102291207027
0.21571571571571568	0.2459043448175781	0.7837901152670109
0.21921921921921905	0.24744533622780548	0.7883860540069185
0.22272272272272264	0.24899420734307756	0.7929980335406054
0.22622622622622623	0.2505509847270786	0.7976260425187132
0.22972972972972983	0.2521156949708835	0.8022700700557546
0.2332332332332332	0.25368836469327455	0.8069301057432429
0.23673673673673656	0.2552690205409873	0.8116061396625374
0.24024024024024015	0.25685768918908447	0.8162981623973992
0.24374374374374375	0.25845439734123804	0.8210061650462614
0.24724724724724734	0.2600591717300809	0.8257301392340831
0.2507507507507507	0.2616720391175459	0.830470077124531
0.2542542542542541	0.26329302629518025	0.8352259700915726
0.25775775775775767	0.2649221600845267	0.8399978140905711
0.26126126126126126	0.26655946733748387	0.8447856016248952
0.26476476476476485	0.26820497493664763	0.84958932712236
0.2682682682682682	0.269858709795716	0.8544089856031749
0.2717717717717718	0.271520698859868	0.8592445726898744
0.2752752752752752	0.27319096910611973	0.8640960846169587
0.27877877877877877	0.2748695475437849	0.8689635195565821
0.28228228228228236	0.276556461214816	0.8738468723589834
0.28578578578578573	0.2782517371942572	0.8787461411593527
0.2892892892892893	0.2799554025906514	0.8836613273535098
0.2927927927927927	0.28166748454647145	0.8885924290571813
0.2962962962962963	0.2833880102385559	0.8935394463629173
0.29979979979979987	0.28511700687853775	0.8985023800346492
0.30330330330330324	0.2868545017133117	0.9034812315150458
0.30680680680680683	0.2886005220254931	0.9084760029325962
0.3103103103103102	0.2903550951338596	0.9134866971084098
0.3138138138138138	0.29211824839383715	0.9185133175627582
0.3173173173173174	0.29389000919797387	0.9235558685213373
0.32082082082082075	0.2956704049764293	0.9286143549212722
0.32432432432432434	0.2974594631974484	0.9336887824168596
0.3278278278278277	0.2992572113679022	0.9387791573850475
0.3313313313313313	0.30106367703372916	0.943885486930667
0.3348348348348349	0.30287888778050587	0.9490077788914058
0.33833833833833826	0.3047028712339333	0.9541460418425397
0.34184184184184185	0.3065356550603641	0.9593002851014218
0.3453453453453452	0.30837726696734685	0.9644705187317236
0.3488488488488488	0.3102277347041527	0.9696567535473989
0.3523523523523524	0.31208708606232816	0.9748590011166187
0.3558558558558558	0.3139553488762295	0.9800772737651535
0.35935935935935936	0.31583255102360697	0.9853115845797751
0.36286286286286273	0.31771872042613636	0.9905619474113584
0.3663663663663663	0.3196138850500235	0.9958283768777735
0.3698698698698699	0.32151807290654133	1.0011108883665747
0.3733733733733733	0.32343131205264225	1.006409498037475
0.3768768768768769	0.32535363059153083	1.0117242228246268
0.38038038038038025	0.32728505667326224	1.0170550804387002
0.38388388388388406	0.32922561849533843	1.0224020893687724
0.3873873873873874	0.33117534430331236	1.0277652688840244
0.3908908908908908	0.3331342623914078	1.0331446390352612
0.3943943943943944	0.3351024011031214	1.0385402206562462
0.39789789789789776	0.33707978883185813	1.0439520353648633
0.40140140140140157	0.33906645402154784	1.049380105564113
0.40490490490490494	0.3410624251672915	1.0548244544429342
0.4084084084084083	0.34306773081598646	1.0602851059768765
0.4119119119119119	0.34508239956697406	1.0657620849286065
0.41541541541541527	0.3471064600726967	1.0712554168482642
0.4189189189189191	0.3491399410393419	1.0767651280736794
0.42242242242242245	0.3511828712274972	1.0822912457304301
0.4259259259259258	0.3532352794528376	1.087833797731779
0.4294294294294294	0.3552971945867739	1.0933928127784638
0.4329329329329328	0.35736864555712783	1.0989683203583607
0.4364364364364366	0.3594496613488247	1.104560350746027
0.43993993993993996	0.3615402710045588	1.1101689350021147
0.44344344344344333	0.3636405036255072	1.1157941049726605
0.4469469469469469	0.3657503883720028	1.1214358932883002
0.4504504504504503	0.3678699544642317	1.127094333363318
0.4539539539539541	0.36999923118294953	1.132769459394635
0.4574574574574575	0.3721382478701813	1.1384613063606717
0.46096096096096084	0.3742870339299275	1.1441699100201297
0.46446446446446443	0.3764456188288886	1.149895306910675
0.4679679679679678	0.3786140320971847	1.1556375343475231
0.4714714714714716	0.38079230332906383	1.1613966304219558
0.474974974974975	0.3829804621836648	1.1671726339997373
0.4784784784784786	0.3851785383857062	1.1729655847194713
0.48198198198198194	0.38738656172625546	1.178775522990868
0.4854854854854853	0.3896045620634591	1.1846024899929506
0.4889889889889891	0.39183256932328464	1.19044652767219
0.4924924924924925	0.3940706135002606	1.1963076787405744
0.4959959959959961	0.3963187246582561	1.2021859866736222
0.49949949949949946	0.3985769329311994	1.2080814957083355
0.5030030030030028	0.40084526852387525	1.2139942508411
0.5065065065065066	0.40312376171264963	1.2199242978255327
0.51001001001001	0.4054124428462638	1.2258716831702843
0.5135135135135136	0.40771134234659623	1.2318364541367945
0.517017017017017	0.41002049070943064	1.237818658737006
0.5205205205205203	0.4123399185052314	1.2438183457310437
0.5240240240240241	0.4146696563799369	1.2498355646248493
0.5275275275275275	0.417009735055728	1.2558703656677894
0.5310310310310311	0.4193601853318151	1.2619227998502334
0.5345345345345345	0.42172103808524003	1.2679929189010948
0.5380380380380378	0.42409232427164967	1.2740807752853622
0.5415415415415417	0.42647407492610867	1.2801864222015922
0.545045045045045	0.4288663211638822	1.2863099135793863
0.5485485485485486	0.4312690941812478	1.2924513040768584
0.552052052052052	0.4336824252562913	1.2986106490780724
0.5555555555555554	0.43610634574972196	1.3047880046904776
0.5590590590590592	0.4385408871056669	1.3109834277423273
0.5625625625625625	0.4409860808525069	1.3171969757800863
0.5660660660660661	0.4434419586036584	1.323428707065838
0.5695695695695695	0.44590855205841773	1.3296786805746774
0.5730730730730729	0.44838589300277165	1.33594695599211
0.5765765765765767	0.450874013310213	1.3422335937114434
0.58008008008008	0.4533729449425678	1.3485386548311742
0.5835835835835836	0.4558827199508286	1.3548622011523939
0.587087087087087	0.4584033704759714	1.3612042951761798
0.5905905905905906	0.46093492874980185	1.3675650001010022
0.5940940940940942	0.46347742709577033	1.3739443798201372
0.5975975975975976	0.46603089792982016	1.3803424989190818
0.6011011011011012	0.46859537376121874	1.3867594226729905
0.6046046046046045	0.47117088719339695	1.3931952170441129
0.6081081081081081	0.4737574709248	1.399649948679249
0.6116116116116117	0.47635515774971754	1.4061236849072174
0.6151151151151151	0.4789639805591338	1.4126164937363404
0.6186186186186187	0.4815839723415758	1.4191284438524165
0.622122122122122	0.4842151661839618	1.4256596046144614
0.6256256256256256	0.4868575952724505	1.432210046054765
0.6291291291291292	0.4895112928932935	1.4387798388748576
0.6326326326326326	0.49217629243369165	1.445369054443466
0.6361361361361362	0.494852627382652	1.4519777647941197
0.6396396396396395	0.4975403313318346	1.4586060426227687
0.6431431431431431	0.5002394379764283	1.4652539612854398
0.6466466466466467	0.5029499811160004	1.4719215947958995
0.6501501501501501	0.5056719946553467	1.4786090178233666
0.6536536536536537	0.5084055126053865	1.4853163056902259
0.6571571571571571	0.5111505690839988	1.492043534369788
0.6606606606606606	0.5139071983169031	1.4987907804840752
0.6641641641641642	0.5166754346385206	1.5055581213016198
0.6676676676676676	0.5194553124928463	1.512345634735316
0.6711711711711712	0.5222468664343182	1.5191533993402813
0.6746746746746746	0.5250501311286863	1.5259814943117644
0.6781781781781782	0.5278651413538933	1.5328299994830705
0.6816816816816818	0.5306919320009401	1.5396989953235318
0.6851851851851851	0.5335305380747635	1.5465885629364984
0.6886886886886887	0.5363809946951128	1.5534987840573686
0.6921921921921921	0.5392433370974303	1.5604297410516534
0.6956956956956957	0.5421176006337196	1.5673815169130667
0.6991991991991993	0.5450038207734428	1.574354195261666
0.7027027027027029	0.5479020331043851	1.5813478603420072
0.7062062062062062	0.55081227333354	1.588362597021339
0.7097097097097096	0.5537345772879995	1.5953984907878564
0.7132132132132132	0.5566689809158268	1.6024556277489526
0.7167167167167168	0.5596155202869519	1.6095340946295273
0.7202202202202204	0.5625742315940452	1.6166339787703363
0.7237237237237237	0.565545151153416	1.6237553681263606
0.7272272272272271	0.5685283154058869	1.6308983512652173
0.7307307307307307	0.5715237609177033	1.6380630173656114
0.7342342342342343	0.5745315243813917	1.6452494562158464
0.7377377377377379	0.5775516426166771	1.6524577582122915
0.7412412412412412	0.5805841525713532	1.659688014358011
0.7447447447447446	0.5836290913221964	1.6669403162612968
0.7482482482482482	0.5866864960758367	1.6742147561343648
0.751751751751752	0.5897564041696555	1.6815114267919575
0.7552552552552554	0.5928388530726943	1.6888304216501187
0.7587587587587588	0.5959338803865252	1.696171834724904
0.7622622622622621	0.5990415238461708	1.703535760631166
0.7657657657657655	0.6021618213209811	1.7109222945813842
0.7692692692692695	0.6052948108155372	1.7183315323845194
0.7727727727727729	0.6084405304705511	1.725763570444906
0.7762762762762763	0.6115990185637654	1.733218505761191
0.7797797797797796	0.6147703135108351	1.7406964359253028
0.783283283283283	0.6179544538662574	1.748197459121455
0.786786786786787	0.6211514783242413	1.7557216741251944
0.7902902902902904	0.6243614257196275	1.7632691803024794
0.7937937937937938	0.6275843350287809	1.7708400776088067
0.7972972972972971	0.6308202453704967	1.778434460967951
0.8008008008008005	0.6340691960069007	1.7860524427560607
0.8043043043043046	0.6373312263443568	1.7936941190685172
0.8078078078078079	0.6406063759343582	1.8013595922108692
0.8113113113113113	0.6438946844744539	1.8090489650743498
0.8148148148148147	0.6471961918091338	1.8167623411352134
0.818318318318318	0.6505109379307372	1.824499824454108
0.8218218218218221	0.6538389629803729	1.832261519675489
0.8253253253253254	0.6571803072488133	1.8400475320270622
0.8288288288288288	0.6605350111773983	1.8478579673192774
0.8323323323323322	0.6639031153589635	1.8556929319448383
0.8358358358358355	0.667284660538722	1.863552532878266
0.8393393393393396	0.6706796876151988	1.871436877675479
0.8428428428428429	0.6740882376411182	1.8793460744734267
0.8463463463463463	0.6775103518243349	1.8872802319897475
0.8498498498498497	0.6809460715287287	1.8952394595224658
0.853353353353353	0.6843954382751277	1.9032238669497181
0.8568568568568571	0.6878584937422142	1.9112335647295247
0.8603603603603605	0.6913352797674369	1.9192686638995788
0.8638638638638638	0.6948258383479329	1.9273292760770877
0.8673673673673672	0.6983302116414292	1.9354155134586402
0.870870870870871	0.7018484419671672	1.943527488820101
0.8743743743743746	0.7053805718068173	1.951665315516549
0.877877877877878	0.7089266438053873	1.9598291074822434
0.8813813813813813	0.7124867007721494	1.9680189792306286
0.8848848848848847	0.7160607856815514	1.9762350458543634
0.8883883883883885	0.7196489416741381	1.984477423025388
0.8918918918918921	0.7232512120574635	1.9927462269950222
0.8953953953953955	0.7268676403070156	2.0010415745940975
0.8988988988988988	0.7304982700671419	2.009363583233123
0.9024024024024022	0.7341431451519583	2.017712370902478
0.905905905905906	0.7378023095462761	2.0260880561726333
0.9094094094094096	0.7414758074065283	2.0344907581944205
0.912912912912913	0.7451636830616855	2.042920602271782
0.9164164164164164	0.748865981014181	2.05137769757263
0.9199199199199197	0.7525827459408435	2.05986217386839
0.9234234234234235	0.7563140226938074	2.068374142717972
0.9269269269269271	0.7600598563014574	2.0769137360954737
0.9304304304304305	0.7638202919693338	2.0854810733354885
0.9339339339339339	0.7675953750810814	2.0940762776611503
0.9374374374374372	0.7713851511993569	2.1026994728791157
0.940940940940941	0.7751896660667852	2.1113507778026595
0.9444444444444446	0.7790089656068514	2.1200303285609747
0.947947947947948	0.7828430959248699	2.1287382451366055
0.9514514514514514	0.7866921033088992	2.137474653678753
0.9549549549549547	0.7905560342306638	2.146239680918902
0.9584584584584586	0.7944349353465132	2.155033454177034
0.9619619619619622	0.7983288534983306	2.1638561013609823
0.9654654654654655	0.8022378357144853	2.1727077509671613
0.9689689689689689	0.8061619292107657	2.1815885320813333
0.9724724724724723	0.8101011813913074	2.1904985743793866
0.9759759759759761	0.8140556398495505	2.199438008128154
0.9794794794794797	0.8180253523691536	2.2084069641862576
0.982982982982983	0.8220103669249578	2.2174055740049696
0.9864864864864864	0.826010731683913	2.226433969629114
0.9899899899899898	0.8300264950060275	2.235492283697993
0.9934934934934936	0.8340577054453099	2.2445806494463265
0.9969969969969972	0.8381044117507097	2.253699200705229
1.0005005005005003	0.8421666628670649	2.2628480719032145
1.004004004004004	0.846244507936063	2.2720273980672223
1.0075075075075075	0.8503379962971594	2.2812373148236684
1.011011011011011	0.854447177488553	2.290477958399521
1.0145145145145147	0.8585721012481229	2.299749465623406
1.0180180180180178	0.8627128175143913	2.3090519739267377
1.0215215215215214	0.8668693764274605	2.3183856213448677
1.025025025025025	0.8710418283299778	2.3277505465182675
1.0285285285285286	0.8752302237680919	2.3371468886937237
1.0320320320320322	0.8794346134923985	2.3465747877255696
1.0355355355355353	0.8836550484589151	2.356034384076939
1.039039039039039	0.8878915798300245	2.3655258188210375
1.0425425425425425	0.8921442589754398	2.3750492336424416
1.0460460460460461	0.8964131374731781	2.384604770838419
1.0495495495495497	0.9006982671105025	2.3941925733202836
1.0530530530530529	0.9049996998849049	2.4038127846147517
1.0565565565565564	0.9093174880050634	2.413465548865352
1.06006006006006	0.9136516838918151	2.423151010833823
1.0635635635635636	0.918002340179121	2.4328693159015655
1.0670670670670672	0.9223695097150348	2.442620610071096
1.0705705705705704	0.9267532455626838	2.4524050399675392
1.074074074074074	0.9311536010012359	2.462222752840124
1.0775775775775776	0.9355706295268774	2.4720738965637223
1.0810810810810811	0.9400043848537865	2.481958619640393
1.0845845845845847	0.944454920915117	2.4918770712009555
1.0880880880880879	0.9489222918639751	2.5018294010065927
1.0915915915915915	0.9534065520744028	2.511815759450457
1.095095095095095	0.9579077561423659	2.5218362975593167
1.0985985985985987	0.9624259588867264	2.5318911669952087
1.1021021021021022	0.9669612153502437	2.541980520057127
1.1056056056056054	0.9715135808005588	2.5521045096827133
1.109109109109109	0.9760831107311809	2.5622632894500006
1.1126126126126126	0.9806698608624838	2.5724570135791365
1.1161161161161162	0.9852738871427035	2.5826858369341554
1.1196196196196198	0.9898952457489268	2.5929499150247732
1.123123123123123	0.9945339930880945	2.6032494040081766
1.1266266266266265	0.9991901857980027	2.6135844606908694
1.13013013013013	1.0038638807483016	2.6239552425305037
1.1336336336336337	1.0085551350414996	2.6343619076377522
1.1371371371371373	1.0132640060139735	2.6448046147782005
1.1406406406406404	1.0179905512369702	2.655283523374249
1.144144144144144	1.0227348285176214	2.6657987935070455
1.1476476476476476	1.02749689589996	2.676350585918425
1.1511511511511512	1.0322768116659224	2.686939062012882
1.1546546546546548	1.0370746343363724	2.697564383859561
1.158158158158158	1.0418904226721253	2.7082267141942484
1.1616616616616615	1.046724235674959	2.7189262164214165
1.165165165165165	1.0515761325886397	2.729663054616254
1.1686686686686687	1.0564461728999512	2.7404373935267348
1.1721721721721723	1.0613344163397203	2.751249398575705
1.1756756756756754	1.0662409228838394	2.7620992358629755
1.179179179179179	1.0711657527543184	2.772987072167455
1.1826826826826826	1.076108966420294	2.7839130749492833
1.1861861861861862	1.081070624599084	2.7948774123519837
1.1896896896896898	1.0860507882572217	2.8058802532046565
1.193193193193193	1.0910495186114968	2.81692176702416
1.1966966966966965	1.0960668771300028	2.828002124017334
1.2002002002002001	1.101102925533176	2.839121495083229
1.2037037037037037	1.1061577257948565	2.850280051815359
1.2072072072072073	1.1112313401433276	2.861477966503973
1.2107107107107105	1.116323831062382	2.8727154121383327
1.214214214214214	1.1214352612923641	2.8839925624090403
1.2177177177177176	1.1265656938312463	2.8953095917103395
1.2212212212212212	1.131715191935682	2.906666675142472
1.2247247247247248	1.136883819122069	2.9180639885140307
1.228228228228228	1.142071639167612	2.929501708344345
1.2317317317317316	1.147278716111417	2.9409800118658724
1.2352352352352352	1.1525051142555358	2.9524990770266104
1.2387387387387387	1.1577508981660587	2.964059082492534
1.2422422422422423	1.1630161326741848	2.9756602076500416
1.2457457457457455	1.1683008828773063	2.9873026326084196
1.249249249249249	1.1736052141401005	2.99898653820434
1.2527527527527527	1.1789291920956024	3.0107121059966926
1.2562562562562563	1.1842728826463034	3.0224795182801154
1.2597597597597598	1.1896363519652469	3.0342889580804893
1.263263263263263	1.1950196664971187	3.046140609159185
1.2667667667667666	1.2004228929593481	3.058034656015641
1.2702702702702702	1.2058460983432109	3.069971283889934
1.2737737737737738	1.2112893499149333	3.081950678765412
1.2772772772772774	1.216752715216804	3.093973027371294
1.2807807807807805	1.222236262068277	3.1060385171853224
1.284284284284284	1.2277400585670961	3.1181473364364307
1.2877877877877877	1.2332641730904044	3.130299674107394
1.2912912912912913	1.238808674295873	3.142495719937545
1.2947947947947949	1.244373631122819	3.1547356644254743
1.298298298298298	1.2499591127933352	3.1670196988317456
1.301801801801802	1.2555651888134203	3.179348015181669
1.3053053053053052	1.2611919289741143	3.191720806268024
1.3088088088088088	1.2668394033526345	3.2041382656538664
1.3123123123123124	1.2725076823135146	3.216600587675309
1.3158158158158155	1.2781968365097554	3.229107967444332
1.3193193193193196	1.2839069368839666	3.2416606008516253
1.3228228228228227	1.2896380546695134	3.2542586845694124
1.3263263263263263	1.2953902613916823	3.266902416054328
1.32982982982983	1.301163628868834	3.2795919935502904
1.333333333333333	1.3069582292135595	3.2923276160913924
1.336836836836837	1.3127741348338566	3.3051094835048325
1.3403403403403402	1.318611418434287	3.317937796413815
1.3438438438438438	1.3244701530171572	3.330812756240527
1.3473473473473474	1.3303504118836873	3.343734565209076
1.3508508508508505	1.3362522686351972	3.356703426348472
1.3543543543543546	1.3421757971742911	3.369719543495654
1.3578578578578577	1.3481210717060295	3.382783121298447
1.3613613613613613	1.354088166739146	3.3958943652186524
1.364864864864865	1.3600771570872194	3.409053481535043
1.368368368368368	1.3660881178698778	3.422260677346463
1.371871871871872	1.3721211245140108	3.4355161605748887
1.3753753753753752	1.3781762527549597	3.448820139968517
1.3788788788788788	1.3842535786377477	3.4621728251049126
1.3823823823823824	1.3903531785182732	3.475574426394094
1.3858858858858856	1.3964751290645396	3.4890251550817135
1.3893893893893896	1.402619507257879	3.5025252232522033
1.3928928928928928	1.4087863903941689	3.5160748438319582
1.3963963963963963	1.414975856085073	3.5296742305925344
1.3998998998999	1.421187982259267	3.5433235981538664
1.403403403403403	1.427422847163682	3.5570231619874884
1.4069069069069071	1.433680529364745	3.5707731384197836
1.4104104104104103	1.439961107749621	3.5845737446352515
1.4139139139139139	1.446264661527479	3.5984251986797853
1.4174174174174174	1.4525912702307264	3.6123277194639645
1.4209209209209206	1.4589410137162817	3.626281526766379
1.4244244244244246	1.4653139721668382	3.6402868412369545
1.4279279279279278	1.4717102260921238	3.654343884400286
1.4314314314314314	1.478129856330182	3.6684528786590276
1.434934934934935	1.4845729440486428	3.6826140472972586
1.438438438438438	1.491039570746003	3.696827614483868
1.4419419419419421	1.4975298182529144	3.7110938052760054
1.4454454454454453	1.5040437687334824	3.725412845622471
1.4489489489489489	1.5105815046865338	3.739784962367192
1.4524524524524525	1.517143108946945	3.7542103832526825
1.4559559559559556	1.5237286646869352	3.7686893369235075
1.4594594594594597	1.530338255417365	3.7832220529298146
1.4629629629629628	1.53697196498906	3.7978087617308156
1.4664664664664664	1.543629877594123	3.812449694698346
1.46996996996997	1.5503120777672592	3.827145084120397
1.4734734734734731	1.557018650387098	3.8418951632046916
1.4769769769769772	1.563749680677532	3.8567001660822724
1.4804804804804803	1.5705052542090372	3.871560327811082
1.483983983983984	1.577285456900034	3.886475884379616
1.4874874874874875	1.5840903750182225	3.901447072710522
1.4909909909909906	1.5909200951819282	3.916474130664272
1.4944944944944947	1.5977747043614654	3.9315572970428407
1.4979979979979978	1.604654289880492	3.946696811593359
1.5015015015015014	1.6115589394173793	3.9618929150118603
1.505005005005005	1.6184887410065794	3.977145848946971
1.5085085085085082	1.6254437830399957	3.992455856003655
1.5120120120120122	1.6324241542683717	4.007823179746989
1.5155155155155153	1.6394299438026665	4.023249797093719
1.519019019019019	1.6464612411154578	4.038730756377008
1.5225225225225225	1.6535181360423166	4.054271501228375
1.526026026026026	1.6606007187832261	4.069870546703369
1.5295295295295297	1.6677090799039833	4.085528141224506
1.5330330330330328	1.6748433103376001	4.1012445341973
1.5365365365365364	1.682003501385728	4.11701997601414
1.54004004004004	1.6891897447200757	4.132854718058206
1.5435435435435436	1.6964021323838385	4.148749012707345
1.5470470470470472	1.7036407567931218	4.164703113338048
1.5505505505505504	1.7109057107383878	4.180717249792592
1.554054054054054	1.718197087385892	4.1967917510668915
1.5575575575575575	1.7255149802791292	4.212926799946748
1.5610610610610611	1.7328594833402935	4.229122678380129
1.5645645645645647	1.7402306908717247	4.2453796447952135
1.5680680680680679	1.7476286975573847	4.2616979586442465
1.5715715715715715	1.7550535984643272	4.2780778804056565
1.575075075075075	1.7625054890441523	4.294519671588572
1.5785785785785786	1.7699844651345145	4.311023594736967
1.5820820820820822	1.7774906229605871	4.327589913433704
1.5855855855855854	1.785024059136568	4.344218892304725
1.589089089089089	1.7925848706671692	4.360910797023144
1.5925925925925926	1.8001731549491207	4.377665894313477
1.5960960960960962	1.8077890097726772	4.394484451955766
1.5995995995995997	1.815432533323143	4.411366738789822
1.6031031031031029	1.8231038241823785	4.428313024719418
1.6066066066066065	1.8308029813303335	4.445323580716539
1.61011011011011	1.8385301041465756	4.462398678825665
1.6136136136136137	1.8462852924118338	4.479538592167999
1.6171171171171173	1.8540686463095333	4.496743594945847
1.6206206206206204	1.8618802664273482	4.514013962446792
1.624124124124124	1.8697202537587607	4.531349971040564
1.6276276276276276	1.877588709704622	4.548751898213155
1.6311311311311312	1.8854857360747108	4.566220022527236
1.6346346346346348	1.893411435089316	4.583754623655898
1.638138138138138	1.9013659093808095	4.601355982378563
1.6416416416416415	1.909349261995239	4.619024380586683
1.645145145145145	1.917361596393915	4.636760101287793
1.6486486486486487	1.9254030164549971	4.654563428609967
1.6521521521521523	1.9334736264751309	4.672434647806357
1.6556556556556554	1.9415735311710218	4.690374045259648
1.659159159159159	1.9497028356810715	4.708381908486572
1.6626626626626626	1.9578616455669935	4.726458526142505
1.6661661661661662	1.9660500668154424	4.744604188025956
1.6696696696696698	1.9742682058396537	4.762819185083271
1.673173173173173	1.9825161694810791	4.781103809413067
1.6766766766766765	1.9907940650110452	4.799458354270981
1.6801801801801801	1.9991020001323914	4.8178831140742755
1.6836836836836837	2.0074400829811463	4.836378384395852
1.6871871871871873	2.0158084221281856	4.854944462010808
1.6906906906906904	2.024207126580908	4.873581644839494
1.694194194194194	2.032636305784924	4.892290231992491
1.6976976976976976	2.0410960696257288	4.911070523765505
1.7012012012012012	2.0495865284304027	4.929922821644176
1.7047047047047048	2.058107792969316	4.948847428308742
1.708208208208208	2.0666599744578296	4.967844647639003
1.7117117117117115	2.075243184558009	4.986914784719003
1.7152152152152151	2.083857535380349	5.006058145841939
1.7187187187187187	2.092503139485498	5.0252750385150025
1.7222222222222223	2.1011801098859917	5.04456577146428
1.7257257257257255	2.1098885600479895	5.063930654639638
1.729229229229229	2.118628603893039	5.083369999219663
1.7327327327327327	2.12740035579981	5.102884117616593
1.7362362362362362	2.136203930605867	5.122473323481298
1.7397397397397398	2.1450394436094324	5.142137931708252
1.743243243243243	2.1539070105711726	5.161878258440545
1.7467467467467466	2.1628067477159694	5.181694621074935
1.7502502502502506	2.17173877173471	5.201587338266857
1.7537537537537538	2.1807031997860853	5.221556729935512
1.7572572572572573	2.189700149498407	5.241603117268988
1.7607607607607605	2.1987297389713922	5.2617268227293295
1.764264264264264	2.20779208677801	5.281928170057681
1.7677677677677681	2.2168873119662824	5.302207484279484
1.7712712712712713	2.226015534061126	5.3225650917096
1.7747747747747749	2.2351768730662034	5.343001319957537
1.778278278278278	2.2443714494657545	5.363516497932692
1.7817817817817816	2.2535993842264554	5.384110955849539
1.7852852852852856	2.262860798799285	5.404785025232953
1.7887887887887888	2.272155815121386	5.425539038923443
1.7922922922922924	2.281484555617954	5.446373331082522
1.7957957957957955	2.2908471432041115	5.467288237197976
1.799299299299299	2.3002437012867936	5.488284094089254
1.8028028028028031	2.3096743537666717	5.509361239912855
1.8063063063063063	2.319139225040037	5.530520014167662
1.8098098098098099	2.3286384400007245	5.551760757700455
1.813313313313313	2.338172124042027	5.573083812711271
1.8168168168168166	2.3477404030586437	5.594489522758919
1.8203203203203207	2.3573434034486005	5.615978232766453
1.8238238238238238	2.366981252115196	5.637550289026667
1.8273273273273274	2.3766540764689688	5.659206039207664
1.8308308308308305	2.386362004429637	5.68094583235838
1.8343343343343341	2.3961051644280897	5.7027700189141886
1.8378378378378382	2.405883685408353	5.724678950702468
1.8413413413413413	2.4156976968295583	5.746672980948264
1.844844844844845	2.4255473286679723	5.768752464279931
1.848348348348348	2.4354327114189607	5.790917756734785
1.8518518518518516	2.4453539760990264	5.813169215764831
1.8553553553553557	2.455311254247796	5.835507200242441
1.8588588588588588	2.4653046779300776	5.857932070679256
1.8623623623623624	2.4753343797378506	5.880444188414709
1.8658658658658656	2.4854004927923605	5.903043916795124
1.8693693693693691	2.495503150746135	5.925731620112086
1.8728728728728732	2.5056424877850345	5.948507665030244
1.8763763763763763	2.515818638630331	5.971372418781719
1.87987987987988	2.526031738540798	5.994326250343759
1.883383383383383	2.536281923314758	6.017369530160618
1.8868868868868867	2.5465693292922014	6.040502630149487
1.8903903903903907	2.5568940933568753	6.063725923706441
1.8938938938938938	2.567256352938379	6.08703978571244
1.8973973973973974	2.5776562460143095	6.110444592539356
1.9009009009009006	2.5880939111123604	6.133940722055944
1.9044044044044042	2.5985694873124627	6.157528553633984
1.9079079079079082	2.6090831142489366	6.181208468154295
1.9114114114114114	2.6196349321126187	6.204980848012848
1.914914914914915	2.6302250816530433	6.228846077126959
1.918418418418418	2.6408537041806066	6.252804540941391
1.9219219219219217	2.6515209415687284	6.276856626434544
1.9254254254254257	2.6622269362560607	6.301002722124694
1.9289289289289289	2.672971831248652	6.325243218076177
1.9324324324324325	2.683755770122182	6.34957850590572
1.9359359359359356	2.6945788970241518	6.37400897878864
1.9394394394394392	2.7054413566761113	6.3985350314652525
1.9429429429429432	2.7163432943758945	6.423157060247105
1.9464464464464464	2.727284855999839	6.447875463023421
1.94994994994995	2.738266188005066	6.472690639267468
1.9534534534534531	2.749287437431699	6.497602990042948
1.9569569569569571	2.7603487519051693	6.522612918010479
1.9604604604604607	2.7714502796384592	6.547720827434006
1.9639639639639639	2.782592169434394	6.5729271241873635
1.9674674674674675	2.793774570687954	6.598232215760755
1.9709709709709706	2.8049976333885485	6.623636511267312
1.9744744744744747	2.8162615081223534	6.649140421449664
1.9779779779779783	2.8275663460746183	6.674744358686537
1.9814814814814814	2.838912299031996	6.700448736999396
1.984984984984985	2.8502995193848992	6.726253972059107
1.9884884884884881	2.861728160129807	6.7521604811925675
1.9919919919919922	2.873198374871708	6.778168683389501
1.9954954954954958	2.8847103178263738	6.8042789993091
1.998998998998999	2.8962641438227936	6.830491851286879
2.0025025025025025	2.9078600083055495	6.85680766334142
2.0060060060060056	2.9194980673372157	6.883226861181187
2.0095095095095097	2.9311784776007617	6.909749872211397
2.0130130130130133	2.9429013964019664	6.936377125540885
2.0165165165165164	2.9546669816718523	6.963109051989023
2.02002002002002	2.9664753919691202	6.9899460840926215
2.023523523523523	2.9783267864825933	7.016888656112926
2.027027027027027	2.9902213250336867	7.043937204042577
2.030530530530531	3.0021591680788413	7.071092165612655
2.034034034034034	3.014140476712036	7.0983539802996845
2.0375375375375375	3.026165412667257	7.125723089332778
2.0410410410410407	3.0382341383209948	7.153199935700678
2.0445445445445447	3.050346816694752	7.180784964158908
2.0480480480480483	3.0625036114575606	7.208478621236934
2.0515515515515514	3.074704686928505	7.2362813552453655
2.055055055055055	3.0869502080792746	7.264193616283183
2.058558558558558	3.099240340536683	7.292215856244963
2.062062062062062	3.1115752505852607	7.320348528828167
2.065565565565566	3.1239551051697796	7.348592089540466
2.069069069069069	3.13638007189788	7.376946995707037
2.0725725725725725	3.148850319042628	7.405413706477998
2.0760760760760757	3.161366015545111	7.4339926828357665
2.0795795795795797	3.1739273310170817	7.462684387602461
2.0830830830830833	3.186534435743534	7.491489285447424
2.0865865865865865	3.1991875006853685	7.520407842894659
2.09009009009009	3.2118866974820177	7.549440528330397
2.093593593593593	3.2246321984541106	7.578587812010615
2.0970970970970972	3.2374241766061167	7.60785016606856
2.100600600600601	3.2502628056290366	7.637228064522529
2.104104104104104	3.2631482599030743	7.666721983283339
2.1076076076076076	3.276080714500363	7.696332400162112
2.1111111111111107	3.289060345187616	7.726059794877892
2.1146146146146148	3.302087328428904	7.755904649065486
2.1181181181181183	3.315161841388342	7.785867446283117
2.1216216216216215	3.3282840619328486	7.815948672020325
2.125125125125125	3.3414541686348906	7.846148813705753
2.1286286286286282	3.3546723407752514	7.876468360714985
2.1321321321321323	3.36793875834579	7.906907804378519
2.135635635635636	3.3812536020522357	7.937467637989595
2.139139139139139	3.3946170533169915	7.9681483568122395
2.1426426426426426	3.40802929428192	7.998950458089222
2.1461461461461457	3.4214905078111784	8.029874441050074
2.1496496496496498	3.4350008774940477	8.060920806919164
2.1531531531531534	3.448560587647765	8.092090058923777
2.1566566566566565	3.4621698233203673	8.1233827023022
2.16016016016016	3.4758287702935973	8.154799244312004
2.1636636636636633	3.4895376150857356	8.186340194238046
2.1671671671671673	3.5032965449544875	8.218006063400896
2.170670670670671	3.5171057478999264	8.249797365164888
2.174174174174174	3.5309654126673617	8.281714614946583
2.1776776776776776	3.5448757287502737	8.313758330222988
2.181181181181181	3.55883688639327	8.345928989111014
2.184684684684685	3.5728490765949914	8.37822719407663
2.1881881881881884	3.586912491111095	8.410653474873351
2.1916916916916915	3.6010273224572305	8.443208268401404
2.195195195195195	3.6151937639120098	8.475892146010043
2.1986986986986987	3.629412009520006	8.508705637715835
2.2022022022022023	3.643682254094754	8.541649275655024
2.205705705705706	3.658004693221783	8.574723594092157
2.209209209209209	3.6723795232616294	8.607929129428689
2.2127127127127126	3.686806941352903	8.641266420211682
2.2162162162162162	3.7012871454153204	8.674736007142474
2.21971971971972	3.7158203341527796	8.70833843308544
2.2232232232232234	3.7304067070564484	8.742074243076745
2.2267267267267266	3.7450464644078503	8.775943984333178
2.23023023023023	3.759739807281986	8.80994820626099
2.2337337337337337	3.7744869375504146	8.844087460464747
2.2372372372372373	3.789288057884415	8.878362300756283
2.240740740740741	3.804143371758123	8.912773283163622
2.244244244244244	3.819053083451691	8.947320965940001
2.2477477477477477	3.834017398054452	8.982005834724134
2.2512512512512513	3.849036521468084	9.016828601686647
2.254754754754755	3.8641106604098376	9.051789757218392
2.2582582582582584	3.8792400224157286	9.086889868563985
2.2617617617617616	3.8944248158437427	9.122129505238728
2.265265265265265	3.9096652498770994	9.157509239037847
2.2687687687687688	3.924961534527481	9.19302964404567
2.2722722722722724	3.940313880638283	9.228691296644984
2.275775775775776	3.95572249988791	9.264494775526343
2.279279279279279	3.971187604793044	9.300440661697372
2.2827827827827827	3.9867094087119646	9.336529538492254
2.2862862862862863	4.0022881258478264	9.372761991581076
2.28978978978979	4.017923971252027	9.409138608952262
2.2932932932932935	4.033617160827514	9.445659981028552
2.2967967967967966	4.049367911332151	9.482326700519646
2.3003003003003	4.065176440382099	9.519139362534487
2.303803803803804	4.0810429664551755	9.556098564565882
2.3073073073073074	4.096967708894241	9.593204906499876
2.310810810810811	4.112950887910646	9.630458990625682
2.314314314314314	4.128992724587616	9.667861421645279
2.3178178178178177	4.145093440883714	9.70541280668335
2.3213213213213213	4.161253259636236	9.743113755296813
2.324824824824825	4.177472404564765	9.780964879485202
2.3283283283283285	4.193751100274573	9.818966793699998
2.3318318318318316	4.210089572260141	9.857120114854958
2.335335335335335	4.226488046908666	9.895425462335972
2.338838838838839	4.2429467515035615	9.933883458011055
2.3423423423423424	4.259465914228032	9.972494726240498
2.345845845845846	4.276045764168577	10.01125989388696
2.349349349349349	4.292686531318575	10.050179590325463
2.3528528528528527	4.309388446581868	10.089254447453904
2.3563563563563563	4.326151741776339	10.128485099702965
2.35985985985986	4.342976649637517	10.167872184046512
2.3633633633633635	4.359863403822221	10.207416340011978
2.3668668668668666	4.376812238912158	10.24711820969064
2.3703703703703702	4.393823390417611	10.286978437747976
2.373873873873874	4.4108970947810855	10.326997671434196
2.3773773773773774	4.42803358938098	10.367176560594691
2.380880880880881	4.445233112535293	10.407515757680537
2.384384384384384	4.462495903505355	10.448015917759099
2.3878878878878878	4.479822202499499	10.48867769852463
2.3913913913913913	4.4972122506768475	10.52950176030885
2.394894894894895	4.514666290151042	10.570488766091822
2.3983983983983985	4.53218456399404	10.611639381512466
2.4019019019019017	4.549767316239854	10.652954274879514
2.4054054054054057	4.567414791888402	10.6944341171823
2.408908908908909	4.585127236909302	10.736079582101523
2.4124124124124124	4.602904898245687	10.777891346020338
2.415915915915916	4.620748023818087	10.819870088035165
2.419419419419419	4.638656862528257	10.862016489966763
2.422922922922923	4.656631664263086	10.90433123637129
2.4264264264264264	4.674672679898459	10.94681501455135
2.42992992992993	4.692780161303206	10.98946851456715
2.4334334334334335	4.710954361342973	11.032292429247681
2.4369369369369367	4.729195533884228	11.07528745420197
2.4404404404404407	4.747503933798168	11.118454287830328
2.443943943943944	4.765879816964702	11.16179363133565
2.4474474474474475	4.78432344027647	11.205306188734808
2.450950950950951	4.802835061642807	11.24899266687008
2.454454454454454	4.821414939993785	11.29285377542055
2.4579579579579582	4.8400633352842695	11.336890226913699
2.4614614614614614	4.858780508497921	11.381102736736807
2.464964964964965	4.877566721651328	11.425492023148763
2.4684684684684686	4.896422237798043	11.47005880729146
2.4719719719719717	4.915347321032715	11.51480381320171
2.4754754754754758	4.934342236495209	11.559727767822856
2.478978978978979	4.953407250374723	11.604831401016567
2.4824824824824825	4.972542629913965	11.650115445574698
2.485985985985986	4.991748643413303	11.695580637231211
2.4894894894894892	5.011025560234965	11.741227714673975
2.4929929929929933	5.030373650807245	11.787057419556863
2.4964964964964964	5.049793186628705	11.8330704965118
2.5	5.069284440272438	11.879267693160678
