Title: What sets the massive star formation rates and efficiencies 
       of giant molecular clouds? 
Authors: Ochsendorf B.B., Meixner M., Roman-Duval J., Rahman M., Evans N.J. 
Table: J16 cloud decomposition with MYSO SFR parameters
================================================================================
Byte-by-byte Description of file: apjaa704at6_mrt.txt
--------------------------------------------------------------------------------
   Bytes Format Units       Label  Explanations
--------------------------------------------------------------------------------
   1- 12 A12    ---         Name   Cloud identification number (1)
  14- 19 F6.3   deg         RAdeg  Right Ascension in decimal degrees (J2000)
  21- 27 F7.3   deg         DEdeg  Declination in decimal degrees (J2000)
  29- 29 I1     ---         Type   Kawamura et al. 2009 GMC type 
  31- 38 E8.2   solMass     Mass   Total mass
  40- 47 E8.2   pc          Rad    Total radius
  49- 56 E8.2   solMass/Myr SFR    Star formation rate from MYSOs
  58- 65 E8.2   Myr-1       SFE    Star formation 'efficiency'; SFR/M_cloud
  67- 74 E8.2   ---         SFEff  Star formation efficiency per free 
                                    fall time; (SFR/M_cloud)*tff
  76- 83 E8.2   Myr         tff    Free-fall time
--------------------------------------------------------------------------------
Note (1): Cloud IDs are
          (number)_(cloud decomposition, mag or j16)_(SF tracer, myso or ha+24).
--------------------------------------------------------------------------------
  1_j16_myso 85.961 -71.130 1 3.75e+04 2.30e+01 0.00e+00 0.00e+00 0.00e+00 9.39e+00
  2_j16_myso 86.077 -71.457 1 5.73e+04 2.97e+01 0.00e+00 0.00e+00 0.00e+00 1.11e+01
  3_j16_myso 86.894 -68.138 1 6.39e+04 3.16e+01 0.00e+00 0.00e+00 0.00e+00 1.16e+01
  4_j16_myso 87.050 -70.623 1 6.93e+04 3.42e+01 0.00e+00 0.00e+00 0.00e+00 1.26e+01
  5_j16_myso 71.878 -67.220 1 7.31e+04 3.16e+01 0.00e+00 0.00e+00 0.00e+00 1.08e+01
  6_j16_myso 85.849 -70.203 1 1.07e+05 3.75e+01 0.00e+00 0.00e+00 0.00e+00 1.16e+01
  7_j16_myso 77.452 -69.204 1 1.28e+05 4.19e+01 0.00e+00 0.00e+00 0.00e+00 1.25e+01
  8_j16_myso 80.629 -68.349 1 1.49e+05 4.19e+01 0.00e+00 0.00e+00 0.00e+00 1.16e+01
  9_j16_myso 76.977 -69.001 1 1.93e+05 4.84e+01 0.00e+00 0.00e+00 0.00e+00 1.27e+01
 10_j16_myso 81.705 -68.637 2 2.36e+04 1.71e+01 1.13e+02 4.76e-03 3.62e-02 7.61e+00
 11_j16_myso 80.277 -68.684 2 2.49e+04 1.88e+01 0.00e+00 0.00e+00 0.00e+00 8.50e+00
 12_j16_myso 80.739 -71.652 2 2.52e+04 2.03e+01 0.00e+00 0.00e+00 0.00e+00 9.49e+00
 13_j16_myso 76.331 -66.896 2 2.74e+04 1.71e+01 0.00e+00 0.00e+00 0.00e+00 7.07e+00
 14_j16_myso 79.363 -66.708 2 2.82e+04 1.88e+01 5.38e+02 1.91e-02 1.53e-01 8.00e+00
 15_j16_myso 82.037 -69.879 2 3.00e+04 2.03e+01 0.00e+00 0.00e+00 0.00e+00 8.70e+00
 16_j16_myso 75.171 -66.360 2 3.25e+04 2.17e+01 0.00e+00 0.00e+00 0.00e+00 9.23e+00
 17_j16_myso 78.580 -70.166 2 3.36e+04 2.17e+01 0.00e+00 0.00e+00 0.00e+00 9.08e+00
 18_j16_myso 82.120 -70.947 2 3.64e+04 2.17e+01 1.22e+02 3.35e-03 2.92e-02 8.73e+00
 19_j16_myso 84.520 -69.866 2 4.39e+04 2.54e+01 0.00e+00 0.00e+00 0.00e+00 1.01e+01
 20_j16_myso 78.087 -70.414 2 5.00e+04 2.76e+01 2.30e+02 4.60e-03 4.93e-02 1.07e+01
 21_j16_myso 75.753 -65.894 2 5.05e+04 2.54e+01 0.00e+00 0.00e+00 0.00e+00 9.41e+00
 22_j16_myso 77.683 -67.081 2 5.78e+04 2.97e+01 1.39e+02 2.41e-03 2.67e-02 1.11e+01
 23_j16_myso 81.049 -67.433 2 6.10e+04 2.97e+01 3.77e+02 6.18e-03 6.67e-02 1.08e+01
 24_j16_myso 81.815 -70.573 2 6.51e+04 2.97e+01 0.00e+00 0.00e+00 0.00e+00 1.05e+01
 25_j16_myso 83.896 -67.718 2 6.60e+04 3.25e+01 0.00e+00 0.00e+00 0.00e+00 1.19e+01
 26_j16_myso 77.863 -69.453 2 6.68e+04 2.54e+01 0.00e+00 0.00e+00 0.00e+00 8.18e+00
 27_j16_myso 83.982 -69.529 2 6.91e+04 2.54e+01 2.86e+02 4.14e-03 3.33e-02 8.04e+00
 28_j16_myso 75.561 -69.039 2 6.93e+04 2.76e+01 0.00e+00 0.00e+00 0.00e+00 9.10e+00
 29_j16_myso 73.871 -68.575 2 7.12e+04 3.42e+01 0.00e+00 0.00e+00 0.00e+00 1.24e+01
 30_j16_myso 74.258 -69.188 2 8.23e+04 3.06e+01 0.00e+00 0.00e+00 0.00e+00 9.76e+00
 31_j16_myso 86.344 -67.126 2 8.35e+04 3.67e+01 0.00e+00 0.00e+00 0.00e+00 1.27e+01
 32_j16_myso 86.055 -69.686 2 8.53e+04 3.42e+01 0.00e+00 0.00e+00 0.00e+00 1.13e+01
 33_j16_myso 77.123 -69.373 2 9.67e+04 3.51e+01 0.00e+00 0.00e+00 0.00e+00 1.10e+01
 34_j16_myso 83.246 -69.767 2 1.03e+05 4.05e+01 1.39e+02 1.35e-03 1.79e-02 1.33e+01
 35_j16_myso 83.047 -68.942 2 1.04e+05 3.83e+01 0.00e+00 0.00e+00 0.00e+00 1.21e+01
 36_j16_myso 76.088 -70.127 2 1.11e+05 3.90e+01 0.00e+00 0.00e+00 0.00e+00 1.21e+01
 37_j16_myso 86.152 -67.314 2 1.22e+05 4.05e+01 8.75e+02 7.17e-03 8.74e-02 1.22e+01
 38_j16_myso 73.481 -69.283 2 1.23e+05 3.90e+01 0.00e+00 0.00e+00 0.00e+00 1.15e+01
 39_j16_myso 78.019 -67.166 2 1.33e+05 3.34e+01 0.00e+00 0.00e+00 0.00e+00 8.72e+00
 40_j16_myso 81.023 -71.584 2 1.39e+05 4.05e+01 6.30e+02 4.55e-03 5.21e-02 1.14e+01
 41_j16_myso 85.730 -69.749 2 1.44e+05 3.42e+01 1.18e+03 8.22e-03 7.18e-02 8.73e+00
 42_j16_myso 81.355 -69.835 2 1.48e+05 4.53e+01 0.00e+00 0.00e+00 0.00e+00 1.31e+01
 43_j16_myso 78.045 -69.035 2 1.49e+05 4.46e+01 0.00e+00 0.00e+00 0.00e+00 1.28e+01
 44_j16_myso 77.459 -69.399 2 1.49e+05 3.90e+01 2.49e+02 1.67e-03 1.75e-02 1.04e+01
 45_j16_myso 77.283 -68.481 2 1.77e+05 4.33e+01 0.00e+00 0.00e+00 0.00e+00 1.12e+01
 46_j16_myso 78.932 -68.011 2 1.79e+05 4.59e+01 0.00e+00 0.00e+00 0.00e+00 1.21e+01
 47_j16_myso 72.594 -69.486 2 1.89e+05 4.78e+01 1.10e+02 5.78e-04 7.25e-03 1.25e+01
 48_j16_myso 80.355 -68.791 2 2.03e+05 4.59e+01 0.00e+00 0.00e+00 0.00e+00 1.14e+01
 49_j16_myso 81.542 -68.601 2 2.15e+05 4.72e+01 8.17e+02 3.80e-03 4.39e-02 1.16e+01
 50_j16_myso 81.724 -71.367 2 2.19e+05 4.72e+01 9.95e+02 4.54e-03 5.20e-02 1.14e+01
 51_j16_myso 83.007 -71.235 2 2.35e+05 4.46e+01 1.36e+02 5.77e-04 5.87e-03 1.02e+01
 52_j16_myso 84.320 -69.744 2 2.35e+05 4.72e+01 2.22e+02 9.45e-04 1.04e-02 1.10e+01
 53_j16_myso 79.806 -69.162 2 2.74e+05 5.30e+01 4.55e+02 1.66e-03 2.03e-02 1.22e+01
 54_j16_myso 80.745 -66.703 2 2.76e+05 5.19e+01 0.00e+00 0.00e+00 0.00e+00 1.18e+01
 55_j16_myso 75.990 -68.496 2 2.77e+05 5.47e+01 1.39e+02 5.04e-04 6.39e-03 1.27e+01
 56_j16_myso 78.311 -69.594 2 3.13e+05 5.41e+01 2.36e+02 7.53e-04 8.86e-03 1.18e+01
 57_j16_myso 80.350 -69.950 2 3.71e+05 6.54e+01 1.36e+02 3.65e-04 5.24e-03 1.43e+01
 58_j16_myso 86.508 -69.611 2 3.80e+05 6.93e+01 6.81e+02 1.79e-03 2.77e-02 1.55e+01
 59_j16_myso 85.009 -71.144 2 6.57e+05 8.07e+01 1.76e+03 2.68e-03 3.96e-02 1.48e+01
 60_j16_myso 86.027 -69.356 2 1.01e+06 9.31e+01 1.55e+03 1.54e-03 2.28e-02 1.48e+01
 61_j16_myso 77.231 -68.735 3 2.52e+04 2.03e+01 0.00e+00 0.00e+00 0.00e+00 9.48e+00
 62_j16_myso 77.773 -68.844 3 3.88e+04 2.42e+01 0.00e+00 0.00e+00 0.00e+00 9.99e+00
 63_j16_myso 79.366 -71.233 3 4.39e+04 2.30e+01 0.00e+00 0.00e+00 0.00e+00 8.67e+00
 64_j16_myso 85.615 -71.315 3 5.64e+04 2.76e+01 0.00e+00 0.00e+00 0.00e+00 1.01e+01
 65_j16_myso 86.305 -69.797 3 6.47e+04 2.76e+01 0.00e+00 0.00e+00 0.00e+00 9.42e+00
 66_j16_myso 73.207 -68.077 3 7.24e+04 3.16e+01 1.72e+02 2.38e-03 2.59e-02 1.09e+01
 67_j16_myso 79.386 -69.253 3 7.94e+04 2.76e+01 0.00e+00 0.00e+00 0.00e+00 8.50e+00
 68_j16_myso 75.909 -67.322 3 8.04e+04 2.76e+01 1.72e+02 2.14e-03 1.81e-02 8.45e+00
 69_j16_myso 74.417 -66.473 3 9.44e+04 3.59e+01 2.04e+03 2.16e-02 2.50e-01 1.16e+01
 70_j16_myso 76.128 -68.051 3 9.56e+04 3.75e+01 0.00e+00 0.00e+00 0.00e+00 1.23e+01
 71_j16_myso 84.936 -69.976 3 1.03e+05 2.86e+01 6.81e+02 6.59e-03 5.19e-02 7.88e+00
 72_j16_myso 83.841 -69.061 3 1.05e+05 3.67e+01 3.40e+02 3.23e-03 3.67e-02 1.13e+01
 73_j16_myso 73.021 -67.218 3 1.19e+05 3.98e+01 0.00e+00 0.00e+00 0.00e+00 1.20e+01
 74_j16_myso 74.238 -68.737 3 1.20e+05 3.16e+01 0.00e+00 0.00e+00 0.00e+00 8.45e+00
 75_j16_myso 80.621 -65.686 3 1.37e+05 4.33e+01 0.00e+00 0.00e+00 0.00e+00 1.27e+01
 76_j16_myso 74.285 -68.416 3 1.40e+05 4.05e+01 1.22e+03 8.71e-03 9.93e-02 1.14e+01
 77_j16_myso 80.646 -67.886 3 1.60e+05 3.83e+01 1.36e+03 8.49e-03 8.31e-02 9.78e+00
 78_j16_myso 78.440 -67.442 3 1.62e+05 4.46e+01 0.00e+00 0.00e+00 0.00e+00 1.22e+01
 79_j16_myso 81.165 -69.280 3 1.68e+05 5.08e+01 0.00e+00 0.00e+00 0.00e+00 1.46e+01
 80_j16_myso 79.716 -69.631 3 1.74e+05 4.46e+01 5.31e+02 3.05e-03 3.60e-02 1.18e+01
 81_j16_myso 84.252 -66.339 3 2.61e+05 5.83e+01 3.77e+02 1.44e-03 2.08e-02 1.44e+01
 82_j16_myso 81.517 -68.793 3 2.75e+05 4.84e+01 4.83e+02 1.76e-03 1.86e-02 1.06e+01
 83_j16_myso 83.861 -69.182 3 2.89e+05 4.84e+01 2.15e+03 7.41e-03 7.67e-02 1.03e+01
 84_j16_myso 77.483 -68.880 3 2.92e+05 4.46e+01 3.47e+03 1.19e-02 1.09e-01 9.12e+00
 85_j16_myso 83.823 -67.575 3 3.48e+05 6.50e+01 4.29e+02 1.23e-03 1.81e-02 1.47e+01
 86_j16_myso 78.299 -69.306 3 3.91e+05 6.50e+01 4.71e+03 1.21e-02 1.67e-01 1.38e+01
 87_j16_myso 81.119 -68.450 3 4.80e+05 6.41e+01 1.50e+03 3.12e-03 3.82e-02 1.22e+01
 88_j16_myso 83.059 -67.663 3 6.39e+05 7.96e+01 4.44e+02 6.95e-04 1.02e-02 1.47e+01
 89_j16_myso 82.638 -71.110 3 7.75e+05 7.73e+01 9.61e+02 1.24e-03 1.58e-02 1.28e+01
 90_j16_myso 81.482 -66.132 3 8.04e+05 8.93e+01 2.12e+03 2.63e-03 4.09e-02 1.55e+01
 91_j16_myso 80.805 -69.657 3 8.12e+05 8.42e+01 4.59e+03 5.65e-03 8.00e-02 1.42e+01
 92_j16_myso 74.314 -66.367 3 1.31e+06 1.23e+02 6.55e+03 5.02e-03 9.87e-02 1.97e+01
 93_j16_myso 82.876 -68.478 3 1.71e+06 1.34e+02 5.65e+03 3.31e-03 6.51e-02 1.97e+01
 94_j16_myso 80.569 -67.954 3 1.99e+06 1.24e+02 6.52e+03 3.28e-03 5.30e-02 1.62e+01
 95_j16_myso 72.979 -69.190 3 2.02e+06 1.35e+02 3.81e+03 1.89e-03 3.46e-02 1.83e+01
 96_j16_myso 86.953 -69.960 3 2.30e+06 1.44e+02 1.87e+03 8.10e-04 1.52e-02 1.88e+01
 97_j16_myso 84.587 -69.107 3 2.78e+06 1.34e+02 1.18e+04 4.24e-03 6.50e-02 1.53e+01
 98_j16_myso 84.843 -69.662 3 3.48e+06 1.38e+02 1.41e+04 4.06e-03 5.82e-02 1.43e+01
 99_j16_myso 84.934 -70.282 3 3.60e+06 1.71e+02 7.90e+02 2.19e-04 4.29e-03 1.95e+01
