Title: What sets the massive star formation rates and efficiencies 
       of giant molecular clouds? 
Authors: Ochsendorf B.B., Meixner M., Roman-Duval J., Rahman M., Evans N.J. 
Table: J16 cloud decomposition with Ha+24micron SFR parameters
================================================================================
Byte-by-byte Description of file: apjaa704at7_mrt.txt
--------------------------------------------------------------------------------
   Bytes Format Units       Label  Explanations
--------------------------------------------------------------------------------
   1- 12 A12    ---         Name   Cloud identification number (1)
  14- 19 F6.3   deg         RAdeg  Right Ascension in decimal degrees (J2000)
  21- 27 F7.3   deg         DEdeg  Declination in decimal degrees (J2000)
  29- 29 I1     ---         Type   Kawamura et al. 2009 GMC type 
  31- 38 E8.2   solMass     Mass   Total mass
  40- 47 E8.2   pc          Rad    Total radius
  49- 56 E8.2   solMass/Myr SFR    Star formation rate from H{alpha} & 24 um
  58- 65 E8.2   Myr-1       SFE    Star formation 'efficiency'; SFR/M_cloud
  67- 74 E8.2   ---         SFEff  Star formation efficiency per free 
                                    fall time; (SFR/M_cloud)*tff
  76- 83 E8.2   Myr         tff    Free-fall time
--------------------------------------------------------------------------------
Note (1): Cloud IDs are
          (number)_(cloud decomposition, mag or j16)_(SF tracer, myso or ha+24).
--------------------------------------------------------------------------------
  1_j16_ha24 76.331 -66.896 2 2.74e+04 1.71e+01 1.90e+02 6.93e-03 4.90e-02 7.07e+00
  2_j16_ha24 79.366 -71.233 3 4.39e+04 2.30e+01 5.59e+02 1.27e-02 1.10e-01 8.67e+00
  3_j16_ha24 78.087 -70.414 2 5.00e+04 2.76e+01 1.34e+02 2.68e-03 2.87e-02 1.07e+01
  4_j16_ha24 77.683 -67.081 2 5.78e+04 2.97e+01 3.11e+02 5.39e-03 5.98e-02 1.11e+01
  5_j16_ha24 86.305 -69.797 3 6.47e+04 2.76e+01 5.32e+02 8.22e-03 7.74e-02 9.42e+00
  6_j16_ha24 81.815 -70.573 2 6.51e+04 2.97e+01 1.36e+03 2.09e-02 2.19e-01 1.05e+01
  7_j16_ha24 83.896 -67.718 2 6.60e+04 3.25e+01 8.21e+01 1.24e-03 1.48e-02 1.19e+01
  8_j16_ha24 83.982 -69.529 2 6.91e+04 2.54e+01 1.00e+03 1.45e-02 1.17e-01 8.04e+00
  9_j16_ha24 75.561 -69.039 2 6.93e+04 2.76e+01 9.10e+01 1.31e-03 1.20e-02 9.10e+00
 10_j16_ha24 73.207 -68.077 3 7.24e+04 3.16e+01 1.02e+03 1.41e-02 1.54e-01 1.09e+01
 11_j16_ha24 75.909 -67.322 3 8.04e+04 2.76e+01 3.63e+02 4.51e-03 3.81e-02 8.45e+00
 12_j16_ha24 74.258 -69.188 2 8.23e+04 3.06e+01 2.23e+02 2.71e-03 2.64e-02 9.76e+00
 13_j16_ha24 86.344 -67.126 2 8.35e+04 3.67e+01 1.04e+03 1.25e-02 1.59e-01 1.27e+01
 14_j16_ha24 74.417 -66.473 3 9.44e+04 3.59e+01 3.23e+03 3.42e-02 3.96e-01 1.16e+01
 15_j16_ha24 76.128 -68.051 3 9.56e+04 3.75e+01 8.26e+02 8.65e-03 1.06e-01 1.23e+01
 16_j16_ha24 83.246 -69.767 2 1.03e+05 4.05e+01 2.29e+03 2.22e-02 2.94e-01 1.33e+01
 17_j16_ha24 83.047 -68.942 2 1.04e+05 3.83e+01 1.71e+03 1.64e-02 1.98e-01 1.21e+01
 18_j16_ha24 76.088 -70.127 2 1.11e+05 3.90e+01 4.21e+02 3.80e-03 4.59e-02 1.21e+01
 19_j16_ha24 73.021 -67.218 3 1.19e+05 3.98e+01 4.76e+02 4.00e-03 4.80e-02 1.20e+01
 20_j16_ha24 74.238 -68.737 3 1.20e+05 3.16e+01 6.00e+02 4.98e-03 4.21e-02 8.45e+00
 21_j16_ha24 86.152 -67.314 2 1.22e+05 4.05e+01 2.80e+02 2.30e-03 2.80e-02 1.22e+01
 22_j16_ha24 73.481 -69.283 2 1.23e+05 3.90e+01 4.70e+02 3.82e-03 4.39e-02 1.15e+01
 23_j16_ha24 80.621 -65.686 3 1.37e+05 4.33e+01 4.95e+02 3.61e-03 4.59e-02 1.27e+01
 24_j16_ha24 81.023 -71.584 2 1.39e+05 4.05e+01 9.77e+02 7.05e-03 8.07e-02 1.14e+01
 25_j16_ha24 74.285 -68.416 3 1.40e+05 4.05e+01 3.56e+03 2.55e-02 2.91e-01 1.14e+01
 26_j16_ha24 85.730 -69.749 2 1.44e+05 3.42e+01 1.33e+03 9.27e-03 8.09e-02 8.73e+00
 27_j16_ha24 78.045 -69.035 2 1.49e+05 4.46e+01 4.06e+02 2.73e-03 3.48e-02 1.28e+01
 28_j16_ha24 77.459 -69.399 2 1.49e+05 3.90e+01 1.29e+02 8.66e-04 9.05e-03 1.04e+01
 29_j16_ha24 78.440 -67.442 3 1.62e+05 4.46e+01 1.27e+03 7.81e-03 9.56e-02 1.22e+01
 30_j16_ha24 81.165 -69.280 3 1.68e+05 5.08e+01 2.04e+02 1.22e-03 1.77e-02 1.46e+01
 31_j16_ha24 79.716 -69.631 3 1.74e+05 4.46e+01 4.93e+03 2.83e-02 3.34e-01 1.18e+01
 32_j16_ha24 77.283 -68.481 2 1.77e+05 4.33e+01 4.21e+02 2.38e-03 2.67e-02 1.12e+01
 33_j16_ha24 72.594 -69.486 2 1.89e+05 4.78e+01 6.71e+02 3.54e-03 4.44e-02 1.25e+01
 34_j16_ha24 81.542 -68.601 2 2.15e+05 4.72e+01 3.46e+02 1.61e-03 1.86e-02 1.16e+01
 35_j16_ha24 81.724 -71.367 2 2.19e+05 4.72e+01 1.51e+02 6.88e-04 7.87e-03 1.14e+01
 36_j16_ha24 84.320 -69.744 2 2.35e+05 4.72e+01 3.42e+02 1.46e-03 1.61e-02 1.10e+01
 37_j16_ha24 84.252 -66.339 3 2.61e+05 5.83e+01 1.53e+03 5.88e-03 8.46e-02 1.44e+01
 38_j16_ha24 79.806 -69.162 2 2.74e+05 5.30e+01 8.16e+03 2.98e-02 3.63e-01 1.22e+01
 39_j16_ha24 81.517 -68.793 3 2.75e+05 4.84e+01 7.45e+03 2.70e-02 2.87e-01 1.06e+01
 40_j16_ha24 80.745 -66.703 2 2.76e+05 5.19e+01 1.10e+02 4.00e-04 4.71e-03 1.18e+01
 41_j16_ha24 77.483 -68.880 3 2.92e+05 4.46e+01 5.41e+03 1.86e-02 1.69e-01 9.12e+00
 42_j16_ha24 83.823 -67.575 3 3.48e+05 6.50e+01 5.79e+03 1.66e-02 2.44e-01 1.47e+01
 43_j16_ha24 80.350 -69.950 2 3.71e+05 6.54e+01 1.87e+02 5.04e-04 7.22e-03 1.43e+01
 44_j16_ha24 78.299 -69.306 3 3.91e+05 6.50e+01 3.48e+03 8.90e-03 1.23e-01 1.38e+01
 45_j16_ha24 81.119 -68.450 3 4.80e+05 6.41e+01 9.15e+02 1.91e-03 2.33e-02 1.22e+01
 46_j16_ha24 83.059 -67.663 3 6.39e+05 7.96e+01 4.26e+03 6.68e-03 9.80e-02 1.47e+01
 47_j16_ha24 85.009 -71.144 2 6.57e+05 8.07e+01 5.76e+02 8.76e-04 1.29e-02 1.48e+01
 48_j16_ha24 81.482 -66.132 3 8.04e+05 8.93e+01 1.01e+03 1.26e-03 1.95e-02 1.55e+01
 49_j16_ha24 80.805 -69.657 3 8.12e+05 8.42e+01 2.03e+03 2.50e-03 3.54e-02 1.42e+01
 50_j16_ha24 86.027 -69.356 2 1.01e+06 9.31e+01 1.76e+03 1.75e-03 2.59e-02 1.48e+01
 51_j16_ha24 74.314 -66.367 3 1.31e+06 1.23e+02 1.26e+04 9.65e-03 1.90e-01 1.97e+01
 52_j16_ha24 82.876 -68.478 3 1.71e+06 1.34e+02 2.62e+03 1.54e-03 3.02e-02 1.97e+01
 53_j16_ha24 80.569 -67.954 3 1.99e+06 1.24e+02 1.04e+04 5.26e-03 8.50e-02 1.62e+01
 54_j16_ha24 72.979 -69.190 3 2.02e+06 1.35e+02 7.65e+03 3.79e-03 6.95e-02 1.83e+01
 55_j16_ha24 86.953 -69.960 3 2.30e+06 1.44e+02 3.70e+03 1.61e-03 3.02e-02 1.88e+01
 56_j16_ha24 84.587 -69.107 3 2.78e+06 1.34e+02 6.95e+04 2.50e-02 3.83e-01 1.53e+01
 57_j16_ha24 84.843 -69.662 3 3.48e+06 1.38e+02 2.62e+04 7.54e-03 1.08e-01 1.43e+01
 58_j16_ha24 84.934 -70.282 3 3.60e+06 1.71e+02 3.31e+02 9.19e-05 1.79e-03 1.95e+01
