#surfdensity	eff
25.35323334	0.00577010
26.24607086	0.00549787
23.18471527	0.00532019
22.25609779	0.00767860
13.87296009	0.01689898
12.49974060	0.01705660
14.81101608	0.01297487
15.73099041	0.01125373
13.19333744	0.01205490
13.40669060	0.01346576
14.21727753	0.01133322
12.58437824	0.01081436
11.74383068	0.01206848
15.79687500	0.01385913
16.44353294	0.00902712
14.95636177	0.00789561
12.57678318	0.00960233
11.79352665	0.01277013
17.25642014	0.01162570
17.34891891	0.00979083
14.41014862	0.01059303
12.54363346	0.01094218
15.89225197	0.01478728
15.39634514	0.01605133
15.86319637	0.01584177
17.43881226	0.01522284
18.14339828	0.01467021
17.98426628	0.01270826
18.15086746	0.01807589
19.46778870	0.01454465
20.41484261	0.01320480
17.42415619	0.01147477
17.54129791	0.01653407
19.44450951	0.01321344
18.47000885	0.01203613
15.85634041	0.01394020
16.40268135	0.01190708
15.67798710	0.01105334
16.68381691	0.00993121
19.67353249	0.00747466
20.18355751	0.00909420
46.73422623	0.01105447
51.94890976	0.01258072
54.15784454	0.01971444
39.19975662	0.00861892
49.05040359	0.00867267
53.55069351	0.01326303
51.70803452	0.01896360
28.72731400	0.00835939
35.90038681	0.00680691
43.84181976	0.00799775
47.49087524	0.01127078
45.88979721	0.01545395
24.30875778	0.01014635
27.05444145	0.00834812
28.91866875	0.00736295
33.90825272	0.00600062
45.92450333	0.00554119
50.92226028	0.00729957
49.98628998	0.01154042
29.23444557	0.01641999
28.79304123	0.01150717
29.09502602	0.00934378
31.91311836	0.00855564
33.12650681	0.00790221
42.78575516	0.00551655
53.47779846	0.00459481
56.39320755	0.00681124
65.21070099	0.00925212
71.93058014	0.00940209
33.78237152	0.01065543
35.77497101	0.00954226
33.46876526	0.00912758
34.18415070	0.00796129
38.40005875	0.00741160
43.05001831	0.00666989
48.15883255	0.00564533
52.74202728	0.00579417
70.22193146	0.00618656
81.11959076	0.00629725
76.69351196	0.00677236
43.05195999	0.00735720
40.92055511	0.00653111
38.86004257	0.00687478
36.01291656	0.00683078
39.52543640	0.00583583
45.59536743	0.00523993
50.30040741	0.00528396
48.29172516	0.00637189
61.99576950	0.00565163
78.91010284	0.00482650
76.83250427	0.00538655
60.24834824	0.00764847
75.18888092	0.00758537
67.99472809	0.00534881
50.08676910	0.00518896
41.10395813	0.00555550
37.62999344	0.00617907
39.64257050	0.00562335
44.01659775	0.00476198
49.86935806	0.00448065
52.42354965	0.00552479
49.50183487	0.00682105
64.61163330	0.00510826
67.31401825	0.00515157
58.29152679	0.00681642
66.07714081	0.00683499
76.42100525	0.00499486
67.87504578	0.00473864
43.31935120	0.00576363
37.62467194	0.00607797
42.83543777	0.00561482
48.37407303	0.00504980
49.16168976	0.00481809
50.27259445	0.00503317
47.68318939	0.00642778
47.40851212	0.00631078
56.20985031	0.00506375
53.94775009	0.00593574
46.12174606	0.00873871
46.43371201	0.00725041
61.42919922	0.00526111
65.19063568	0.00486328
48.99522018	0.00617023
37.33361816	0.00642830
44.35962677	0.00557810
53.72920609	0.00511662
55.94343567	0.00498918
49.73875809	0.00508629
43.76374435	0.00593133
41.52541351	0.00678721
53.91423416	0.00475366
60.65546036	0.00432960
60.74169159	0.00579299
36.27202606	0.00741470
48.56556702	0.00547790
55.25553894	0.00491628
51.01327896	0.00619252
41.12013245	0.00690589
44.57940674	0.00576876
56.54314041	0.00517607
57.94805527	0.00512308
52.15265274	0.00513176
41.95978928	0.00585492
37.14413834	0.00726490
50.87234879	0.00557913
68.83436584	0.00408638
76.33155823	0.00472817
79.91289520	0.00719596
28.10396004	0.00842441
40.12258148	0.00673693
50.12610626	0.00584212
51.93614197	0.00625698
47.77994156	0.00727809
45.16300583	0.00655550
52.78474045	0.00547962
56.16480637	0.00516401
50.87858200	0.00518503
42.43672943	0.00563334
36.83238220	0.00705390
41.69692612	0.00675763
60.28318787	0.00501670
74.76550293	0.00522796
84.29090118	0.00710091
25.71652794	0.00924805
35.93665314	0.00761960
51.19261551	0.00649650
53.79443741	0.00626715
51.92833710	0.00763099
47.48635101	0.00807547
46.81786728	0.00652086
48.86833191	0.00535556
48.85266113	0.00512546
44.36728287	0.00535799
43.52907562	0.00623596
57.92652512	0.00692848
60.94899750	0.00627348
57.85256958	0.00621290
66.91580200	0.00846258
37.45427704	0.00772219
54.15772629	0.00573514
60.66217041	0.00470076
59.90285110	0.00535941
49.48385239	0.00861732
44.50312424	0.00825401
43.03596497	0.00617502
41.41255569	0.00534280
42.18962860	0.00532777
49.55563736	0.00545503
81.41314697	0.00726693
99.40078735	0.00803804
77.68154144	0.00733503
53.33949280	0.00936200
48.32243347	0.00761324
61.03034973	0.00518361
63.23361206	0.00504334
58.65049362	0.00651129
45.99709320	0.00875385
44.27965927	0.00736261
42.48682404	0.00602461
40.77582932	0.00600811
50.44746017	0.00511145
71.83850098	0.00598387
107.32701111	0.00832126
111.79120636	0.00863612
80.77460480	0.01001839
53.83745956	0.00820261
59.22500610	0.00679996
57.11797714	0.00719647
49.77881241	0.00798909
45.55205536	0.00799259
45.10824203	0.00693521
42.74576187	0.00777983
47.43022919	0.00789039
56.75460815	0.00609881
73.70647430	0.00698247
101.50261688	0.00865044
47.85154343	0.00888523
49.58265686	0.00854928
48.58726883	0.00889153
48.56473160	0.00841080
45.82466125	0.00793176
42.91212845	0.00880545
44.04124451	0.01086282
48.09781647	0.00973780
51.33065414	0.00832266
60.77404785	0.01017833
52.44939423	0.00919998
65.46051025	0.00767149
68.48120117	0.00706222
54.92536926	0.00873850
49.39361191	0.00943902
45.02808762	0.01003728
42.48083496	0.01030854
42.50749588	0.01440166
85.46266174	0.00703217
89.92442322	0.00660999
76.59378052	0.00816819
61.37812805	0.00940910
53.62498093	0.00818778
41.38322067	0.00926139
97.58846283	0.00785702
84.14699554	0.00909082
64.14190674	0.01072474
56.83853531	0.00901605
47.95359421	0.00825960
82.81272125	0.01325637
62.78001404	0.01329000
50.86499786	0.01156988
63.17459106	0.02242525
54.07094574	0.01857745
44.55953598	0.02075476
67.01006317	0.02039048
60.49943542	0.01504091
48.99822235	0.01439263
58.84384918	0.01447324
48.14028549	0.01242867
45.38698578	0.01093215
44.48313522	0.01157057
45.01457977	0.01248284
45.96252441	0.01016039
51.47853470	0.00851730
45.70643997	0.01156790
42.56023788	0.01321344
49.92801666	0.00961163
51.61063385	0.01120008
41.65947723	0.01673963
44.18712997	0.01624780
38.02917862	0.02404619
38.62992859	0.02583256
36.31939697	0.02942877
40.42028809	0.03146039
33.10189438	0.01225316
30.69787598	0.01018185
31.78670692	0.01097062
33.50213623	0.01075720
31.22945404	0.01054522
29.78328323	0.00976821
28.55168533	0.00974061
29.76029205	0.00967237
28.12925911	0.01060409
30.80056381	0.00934885
33.34608459	0.01030229
30.04174614	0.00986680
30.52225685	0.01020383
32.43634415	0.00819623
30.39485931	0.00858239
37.65637970	0.00839359
700.93103027	0.00387055
545.71813965	0.00308239
225.43209839	0.00445701
43.85398102	0.00892070
33.67358780	0.00850230
36.72404480	0.00862151
34.78163910	0.00838311
33.23316956	0.00703413
41.02827835	0.00703245
556.25402832	0.00401589
919.26055908	0.00351462
823.88635254	0.00298853
641.69677734	0.00281537
314.06085205	0.00416648
48.11623001	0.00725627
39.77703857	0.00692603
43.53656769	0.00790277
38.42306519	0.00660752
37.17894363	0.00692325
969.00793457	0.00370037
948.55902100	0.00340418
867.52478027	0.00321699
714.07775879	0.00320030
273.75729370	0.00444411
43.00122070	0.00646243
43.65888977	0.00668596
46.55965424	0.00881281
50.65455246	0.00683494
42.90397263	0.00628510
75.82511139	0.00723219
854.50988770	0.00447239
971.63006592	0.00383310
963.74694824	0.00371704
919.85461426	0.00357003
760.32684326	0.00377287
104.24425507	0.00548006
37.11741638	0.00750119
41.84822464	0.00815539
50.81483078	0.00597235
42.14446259	0.00650063
900.88287354	0.00444338
963.16833496	0.00410396
980.92590332	0.00393904
954.02954102	0.00392431
405.01614380	0.00466196
35.90446091	0.00845948
33.63434601	0.00966019
47.55038071	0.00833671
40.38489151	0.00624121
41.37674713	0.00680412
849.53808594	0.00474756
946.55694580	0.00418929
973.98529053	0.00413635
670.36804199	0.00445943
51.40893173	0.00789444
32.97930908	0.01019324
36.87557983	0.00821507
36.78443146	0.00671724
39.33212662	0.00726295
53.82809448	0.00784511
34.91506958	0.00739488
36.46780777	0.00688197
39.07026672	0.00778930
49.75847244	0.00886572
40.80986786	0.00921556
33.88099670	0.00994160
36.76061630	0.00683418
42.74172211	0.00654485
45.29492188	0.00750792
45.74844742	0.00766098
44.52720261	0.00862147
42.01661682	0.01017888
38.05738068	0.01022650
49.11081314	0.00797733
49.14133453	0.00777927
47.29738617	0.00820523
43.49114227	0.01143732
157.29820251	0.00646923
132.51103210	0.00800403
199.76359558	0.00308934
194.64517212	0.00343616
171.03672791	0.00364688
129.95433044	0.00362685
83.80280304	0.00387372
197.75114441	0.00255920
206.84260559	0.00254964
197.04893494	0.00292555
151.50006104	0.00309890
96.34937286	0.00325955
79.14176941	0.00398887
190.41166687	0.00204024
192.66622925	0.00227243
157.49432373	0.00286779
113.10868073	0.00386298
125.86791229	0.00443100
135.92405701	0.00468769
164.30451965	0.00248153
165.84439087	0.00222625
144.30419922	0.00280877
130.79521179	0.00460300
177.05014038	0.00556248
185.70169067	0.00530724
149.01138306	0.00495712
147.34747314	0.00366421
148.62519836	0.00289254
135.98023987	0.00331382
116.28425598	0.00480854
179.72517395	0.00615857
195.99621582	0.00610239
152.24040222	0.00527221
99.71482849	0.00559907
136.38954163	0.00533328
139.85453796	0.00319360
135.55931091	0.00353451
109.40077209	0.00467606
136.45043945	0.00584778
191.71052551	0.00596197
163.83634949	0.00532063
105.47098541	0.00532444
141.89439392	0.00322104
137.43418884	0.00292077
117.71083069	0.00371705
158.59587097	0.00439881
411.41040039	0.00386602
530.72027588	0.00339072
394.65750122	0.00340875
171.33834839	0.00515173
156.86163330	0.00390586
151.41194153	0.00267352
132.37046814	0.00283197
152.56979370	0.00361202
470.84088135	0.00330284
822.72772217	0.00288352
874.08441162	0.00255754
594.27685547	0.00276238
201.27647400	0.00556296
155.89793396	0.00288882
142.21170044	0.00265556
141.24659729	0.00292179
355.39004517	0.00267559
690.56024170	0.00259796
880.55358887	0.00234325
752.66101074	0.00209580
408.63534546	0.00271749
163.05343628	0.00619469
131.79380798	0.00389300
129.20140076	0.00290530
160.05577087	0.00251348
526.76318359	0.00150562
729.89080811	0.00141062
731.43389893	0.00178801
660.56848145	0.00184888
459.21832275	0.00204113
285.45321655	0.00313996
117.42871094	0.00365769
150.73136902	0.00274583
704.35833740	0.00125090
1466.18139648	0.00077322
1336.09143066	0.00080497
773.62561035	0.00129897
402.43084717	0.00207909
311.32022095	0.00284054
237.09831238	0.00441088
135.08348083	0.00392600
159.28225708	0.00258947
384.03564453	0.00164288
1524.50354004	0.00080534
1917.15502930	0.00068188
1567.91210938	0.00080708
523.91217041	0.00183586
260.20086670	0.00301265
227.11029053	0.00368032
202.62252808	0.00220923
248.78727722	0.00185389
616.58728027	0.00127782
1417.73278809	0.00082077
1491.35021973	0.00085348
830.73638916	0.00156708
196.50968933	0.00338252
168.11705017	0.00343249
146.13114929	0.00406834
220.43286133	0.00258884
284.07177734	0.00184196
359.62884521	0.00176771
516.51080322	0.00162562
683.29376221	0.00151121
527.72229004	0.00234524
158.86363220	0.00487060
103.78038025	0.00404017
105.08121490	0.00366972
298.31066895	0.00213075
391.93823242	0.00200552
458.63684082	0.00219460
408.39871216	0.00267748
264.62786865	0.00387205
115.81967163	0.00648280
74.62023163	0.00537956
75.71794891	0.00404810
75.43257904	0.00481630
282.45428467	0.00330420
363.83398438	0.00257691
431.36175537	0.00282994
428.55038452	0.00318512
314.28927612	0.00372864
164.57888794	0.00461755
80.20292664	0.00492559
71.11687469	0.00417570
69.02954865	0.00446271
307.77334595	0.00387353
356.52780151	0.00369420
377.53292847	0.00386609
339.43655396	0.00376314
239.71157837	0.00353423
110.73789978	0.00365655
69.73945618	0.00392506
67.21813202	0.00436967
64.47075653	0.00613294
296.48318481	0.00529224
322.79977417	0.00454365
322.39410400	0.00403129
265.35784912	0.00350721
144.25234985	0.00341065
70.11013031	0.00402877
59.72726059	0.00476377
56.20845413	0.00640901
292.70950317	0.00624917
254.05447388	0.00529435
148.17202759	0.00565158
72.14775848	0.00686350
56.71082306	0.00786090
50.81621170	0.01838010
61.81431580	0.01994765
60.67386246	0.01410686
53.69480515	0.01825235
64.68341827	0.01530570
59.65866852	0.01560617
50.35846329	0.01922595
55.95959091	0.01907402
49.25864029	0.01972676
41.59893036	0.01947398
44.46802139	0.02288776
40.48482513	0.01986757
40.69112015	0.02418644
38.74848938	0.02095162
41.66786575	0.03049052
50.31962204	0.01698741
52.72822571	0.02619244
49.59444427	0.01054246
51.34477234	0.01350638
51.18355942	0.01920641
48.41123199	0.01305906
51.02864075	0.01189946
49.46174240	0.01365565
65.41145325	0.00901772
62.32584381	0.01913469
78.80681610	0.02419967
81.27843475	0.02272749
66.55475616	0.03150696
74.39670563	0.03074384
61.99781418	0.02355033
120.62602997	0.00627651
111.25723267	0.00612579
102.81656647	0.00501039
141.86048889	0.00302855
252.05155945	0.00180488
330.73315430	0.00112988
357.61669922	0.00101823
385.56045532	0.00110238
373.19714355	0.00135875
290.81796265	0.00207471
134.68168640	0.00407359
120.84002686	0.00395472
108.88359070	0.00377277
138.95622253	0.00256670
284.40893555	0.00135048
368.12011719	0.00091040
362.17193604	0.00083018
336.42727661	0.00101070
342.75482178	0.00118040
290.44866943	0.00150279
230.82768250	0.00218643
226.93782043	0.00377909
144.75163269	0.00582145
140.68682861	0.00358119
137.76956177	0.00306311
138.91105652	0.00277222
311.06774902	0.00143279
436.59094238	0.00104267
400.91006470	0.00110616
316.20040894	0.00151491
289.86297607	0.00186717
283.68060303	0.00193030
215.68307495	0.00208412
201.61134338	0.00270282
183.83770752	0.00265760
178.58668518	0.00214895
253.89674377	0.00175127
466.41674805	0.00123080
468.28106689	0.00134311
354.82159424	0.00196377
288.17483521	0.00252174
318.17529297	0.00246909
307.93038940	0.00251290
195.61668396	0.00250656
181.84848022	0.00295101
214.84703064	0.00385524
227.50228882	0.00171199
214.31919861	0.00165165
347.10140991	0.00153530
456.98315430	0.00154754
406.55950928	0.00200561
309.73544312	0.00280703
299.64105225	0.00293065
348.29153442	0.00276374
301.32723999	0.00275476
173.39852905	0.00245500
179.22079468	0.00261612
180.56163025	0.00439219
237.22737122	0.00146584
232.42353821	0.00158770
340.76770020	0.00174141
406.09909058	0.00199738
358.45166016	0.00253297
290.46478271	0.00306992
319.58154297	0.00275383
335.70123291	0.00261831
227.32859802	0.00261888
175.75193787	0.00215582
187.02449036	0.00242217
236.83856201	0.00160184
226.45693970	0.00164465
288.12020874	0.00192096
326.36276245	0.00229336
287.51843262	0.00270755
282.47595215	0.00261346
310.42803955	0.00220258
249.58508301	0.00226249
151.25035095	0.00257514
164.14535522	0.00219616
165.03738403	0.00285571
224.47964478	0.00198547
218.01385498	0.00188975
232.04835510	0.00213180
236.96420288	0.00232484
239.79507446	0.00240307
257.12695312	0.00227682
222.94024658	0.00227410
138.84083557	0.00256857
134.00688171	0.00260154
151.59484863	0.00271412
220.61340332	0.00273314
230.18736267	0.00268235
226.21649170	0.00287997
227.12307739	0.00288554
221.53488159	0.00290274
194.75334167	0.00313021
130.10943604	0.00325380
125.95057678	0.00342821
165.77610779	0.00391543
173.62817383	0.00513125
68.13706970	0.00687652
67.58945465	0.00623202
65.13726044	0.00737259
67.87765503	0.00593457
65.49401855	0.00558157
62.22826385	0.00733229
65.86882782	0.00618806
59.63434219	0.00536055
50.17155457	0.00624459
57.70129776	0.00784466
71.41291046	0.00700790
72.73927307	0.00531266
71.19527435	0.00488746
69.01280212	0.00533317
64.25749207	0.00482335
61.09925842	0.00411274
59.29370499	0.00442016
59.63008118	0.00606874
65.85530853	0.00733394
66.98595428	0.00732599
64.17185211	0.00554402
59.69223785	0.00393616
52.44234085	0.00468727
49.01620102	0.00677554
69.44833374	0.00774385
73.34795380	0.00566715
72.05976868	0.00418676
70.78097534	0.00394557
66.32738495	0.00434313
57.18436432	0.00481178
58.19612122	0.00486607
59.99412918	0.00533303
68.36835480	0.00569300
73.53488159	0.00534110
74.46047974	0.00541914
73.71537018	0.00453347
62.08860779	0.00368196
50.21855927	0.00505149
48.86937714	0.00619106
96.97015381	0.00439946
92.20597839	0.00506485
76.48284912	0.00573978
72.88954163	0.00522458
70.07696533	0.00419691
69.29742432	0.00351165
68.12581635	0.00371647
65.93183899	0.00451707
72.18446350	0.00525784
74.83242035	0.00574082
72.83835602	0.00569164
74.97615814	0.00516568
81.31742096	0.00514982
99.51548767	0.00522790
108.46879578	0.00416411
74.75191498	0.00375825
50.07895660	0.00492458
48.66880798	0.00643437
83.67272949	0.00514284
90.48944092	0.00480143
85.53667450	0.00470042
80.80421448	0.00405362
75.47437286	0.00399862
68.82469177	0.00380049
66.37396240	0.00393514
76.44216156	0.00429943
90.81848907	0.00451038
92.03844452	0.00495590
85.40641785	0.00518962
79.54534149	0.00531853
79.62422943	0.00553137
95.15480042	0.00517013
115.30198669	0.00466642
107.56583405	0.00406707
73.50736237	0.00453763
75.33081055	0.00439721
77.31206512	0.00430877
80.76548004	0.00407209
84.39958191	0.00393782
74.68518829	0.00386284
61.09768295	0.00443136
67.06343079	0.00510372
95.47721863	0.00435828
101.03575897	0.00408527
91.97010803	0.00423653
81.66384125	0.00450228
77.26521301	0.00512034
75.37215424	0.00547592
90.22083282	0.00481970
96.60874939	0.00434910
88.01105499	0.00466429
63.62977600	0.00490815
66.82397461	0.00430117
69.71267700	0.00430429
79.99407959	0.00455796
73.56134033	0.00424528
56.87889481	0.00429498
51.97379303	0.00550718
71.94242096	0.00562711
95.65830994	0.00487638
92.23709106	0.00451000
77.19140625	0.00458592
71.64450073	0.00475218
68.25957489	0.00544044
73.72692108	0.00570740
97.10049438	0.00507169
103.35957336	0.00493906
93.93928528	0.00556197
73.40820312	0.00462368
79.60092926	0.00473174
84.05009460	0.00477900
74.69773102	0.00496712
60.97660065	0.00468541
51.32731247	0.00520057
53.22475052	0.00615201
69.16431427	0.00705438
79.12854767	0.00651355
68.12269592	0.00582448
67.59456635	0.00497469
67.93135071	0.00522767
66.11994171	0.00612949
90.61060333	0.00560139
113.04761505	0.00515576
112.19136810	0.00520437
92.28590393	0.00640301
90.34558868	0.00492698
88.13375854	0.00463488
91.21177673	0.00482655
88.92334747	0.00499710
77.80856323	0.00528104
64.99175262	0.00608955
56.00851822	0.00651236
54.62125015	0.00804957
59.77932358	0.00880371
56.45826340	0.00714021
60.74431992	0.00545862
67.91801453	0.00490349
63.01844406	0.00594808
69.20354462	0.00618616
101.69252014	0.00524953
114.77246094	0.00467206
106.86672211	0.00478478
87.23393250	0.00674712
95.87838745	0.00551620
88.05953979	0.00564110
90.56049347	0.00569869
88.07680511	0.00621081
79.19191742	0.00777549
69.19205475	0.00918728
61.41727829	0.01015523
63.05409241	0.00637971
62.38246918	0.00676280
62.81835556	0.00804461
80.05499268	0.00840277
102.48216248	0.00650908
107.81655884	0.00538820
99.30396271	0.00572765
74.76838684	0.00566500
52.96224594	0.00645781
56.02180862	0.00623960
65.10916901	0.00592856
66.32437897	0.00731430
71.71121216	0.00533856
78.35810089	0.00340339
76.22773743	0.00300609
61.75197601	0.00358314
52.01659393	0.00470393
76.04129791	0.00508849
74.44757080	0.00356614
66.95505524	0.00451082
63.66033173	0.00700973
81.78066254	0.00715215
101.88466644	0.00700315
58.35239410	0.00673500
57.52566147	0.00526757
68.08906555	0.00361114
71.38397980	0.00398844
69.12288666	0.00531729
71.25811005	0.00437796
70.04713440	0.00348955
61.15018082	0.00343342
53.42362976	0.00420152
50.40243912	0.00581894
48.13927841	0.00895760
60.53057480	0.00681302
69.85946655	0.00398359
68.84722900	0.00355111
64.29678345	0.00416204
65.89665222	0.00524530
87.58347321	0.00527815
95.72465515	0.00792958
64.62966156	0.00410420
68.27716064	0.00318389
65.56690979	0.00436795
62.97761154	0.00580598
61.93158340	0.00556151
58.80675888	0.00491408
53.54960632	0.00520552
50.77521515	0.00604367
48.11628342	0.00717717
47.36389542	0.00808985
56.34701157	0.00608117
63.51907730	0.00460915
63.95198059	0.00406445
59.07043076	0.00447408
59.61954498	0.00525277
68.58526611	0.00566903
70.24779510	0.00610821
60.93530655	0.00547045
63.35614014	0.00431708
64.15589905	0.00456075
60.59310913	0.00604984
57.99166107	0.00750713
54.53372192	0.00772664
49.98405838	0.00854864
47.60195541	0.00828242
44.69745636	0.00857693
49.30397797	0.00771503
56.49135590	0.00631267
60.56834412	0.00529262
57.65985870	0.00483111
51.23944092	0.00557630
49.94721222	0.00529175
54.55057526	0.00565953
115.48860931	0.00712669
88.06816101	0.00737592
62.48019028	0.00651866
67.10907745	0.00457394
64.74044037	0.00434742
61.41577148	0.00525081
62.41680145	0.00635025
57.70738983	0.00863649
49.68587112	0.00964650
47.56958389	0.00796805
48.87566376	0.00787345
52.39666748	0.00720052
54.84088135	0.00668256
53.43976212	0.00636635
48.18511581	0.00610894
42.61441422	0.00564526
44.47664261	0.00464416
155.10643005	0.00805211
124.29378510	0.00666472
77.22794342	0.00734993
66.31198883	0.00750148
65.09535980	0.00546573
62.16504288	0.00431631
68.00232697	0.00383208
70.38103485	0.00467992
59.77361679	0.00657003
56.05204773	0.00599126
59.81783676	0.00562136
55.93038559	0.00673640
52.15416336	0.00689398
50.27519608	0.00708465
45.98399353	0.00758700
41.32221222	0.00592292
39.00476837	0.00462030
125.89416504	0.00707383
82.65158844	0.00653365
62.83960342	0.00760160
58.58267593	0.01217575
56.68296432	0.00703170
61.19124222	0.00440761
69.50083160	0.00402523
65.49169922	0.00488670
60.95311356	0.00516023
67.51055145	0.00451593
66.78715515	0.00533621
57.80349731	0.00697327
50.98671722	0.00688060
49.03060150	0.00756540
46.27247238	0.00729638
43.36194992	0.00486834
43.28274918	0.00469350
62.64509583	0.00749431
48.90047455	0.01332319
51.29837418	0.00736036
56.40129852	0.00644739
58.81465912	0.00635692
58.79227829	0.00512074
65.84602356	0.00417712
68.14293671	0.00462863
63.55382156	0.00642160
55.18898773	0.00768421
50.48537064	0.00763850
50.28092957	0.00854451
49.11967468	0.00661077
49.94549179	0.00478413
53.89758682	0.00699412
47.81357193	0.01066161
51.38747025	0.01045832
52.14027405	0.00918770
60.09740067	0.00533617
63.39331055	0.00535745
61.20948029	0.00677125
56.99356079	0.00806118
52.23324585	0.01004522
52.41942215	0.00685878
55.66088867	0.00668498
